# NEST version: 3.7.0
# RecordingBackendASCII version: 2
sender	time_ms
137	408.300
103	409.400
151	414.200
143	414.500
146	414.900
122	415.300
141	416.400
151	417.700
117	418.400
110	418.500
146	418.500
141	420.200
103	421.500
122	421.500
132	422.200
133	422.400
150	423.100
126	423.600
117	425.400
127	425.500
119	426.200
152	426.400
123	426.500
123	426.600
120	426.900
147	428.200
125	430.100
121	431.700
125	432.200
109	432.600
123	433.300
132	435.500
137	437.000
152	438.400
132	438.500
126	440.000
103	440.400
103	440.500
136	441.200
111	441.800
119	441.900
123	442.100
123	442.300
126	442.800
149	443.300
137	443.600
108	444.500
135	445.100
116	445.400
129	445.400
128	446.700
131	446.800
125	446.900
150	446.900
145	447.300
118	447.500
104	447.900
124	448.500
115	448.600
143	448.600
139	449.000
142	449.000
146	449.200
112	449.400
136	450.100
106	450.200
119	450.200
136	450.600
144	450.900
138	451.300
114	451.800
137	451.800
132	452.100
137	452.100
139	452.100
113	452.700
115	452.700
108	452.800
125	453.200
151	453.400
126	453.900
124	455.000
129	455.100
147	455.700
138	455.800
141	455.800
118	456.000
135	456.300
137	456.800
118	456.900
147	457.200
128	457.300
134	457.600
114	457.700
104	458.700
139	458.700
142	458.800
118	459.100
130	459.100
128	459.400
143	459.600
140	459.900
148	460.400
120	460.500
124	461.200
108	461.800
137	461.900
140	461.900
150	461.900
116	462.000
131	462.100
105	462.200
109	462.200
131	462.700
103	462.800
149	462.900
104	463.100
148	463.200
107	463.700
109	463.900
137	463.900
140	464.000
127	464.300
121	464.800
117	465.000
105	465.100
149	465.100
140	465.200
142	465.200
127	465.300
115	466.100
124	466.300
105	466.500
111	466.500
152	466.500
135	466.700
150	467.500
123	467.600
129	467.800
135	467.800
150	468.100
118	468.300
136	468.500
105	468.900
107	469.000
132	469.000
146	469.000
136	469.100
131	469.200
132	469.500
130	469.800
137	469.900
139	469.900
115	470.100
137	470.100
148	470.100
119	470.500
127	470.900
136	470.900
121	471.100
131	471.200
145	471.300
138	472.200
127	472.300
118	472.400
119	472.700
147	473.000
112	473.100
125	473.100
109	473.200
124	473.300
126	473.300
131	474.100
117	474.300
107	474.400
126	474.900
149	475.100
105	475.900
107	476.100
122	476.100
127	476.100
143	476.200
134	476.600
105	477.100
132	477.400
147	477.600
117	477.800
137	478.000
143	478.000
138	478.100
131	478.200
136	478.200
150	478.400
115	478.600
142	478.800
111	479.000
130	479.000
147	479.300
139	479.600
110	479.800
137	479.800
122	479.900
118	480.200
142	480.300
121	480.400
128	480.700
138	481.400
129	481.600
104	481.700
107	482.000
148	482.000
142	482.300
135	482.700
139	482.700
141	482.900
108	483.800
132	484.000
151	484.000
127	484.100
131	484.100
140	484.200
124	484.900
138	485.200
138	485.300
151	485.300
151	485.400
130	485.600
145	485.700
105	485.800
117	485.800
143	485.800
131	486.500
119	486.700
140	486.900
127	487.000
140	487.100
106	487.400
115	487.600
132	487.800
142	488.500
148	488.700
116	489.100
125	489.400
132	489.600
150	489.600
118	489.700
149	490.000
144	490.400
135	490.600
148	490.800
151	491.700
117	491.800
148	491.800
134	491.900
103	492.900
113	493.200
114	493.200
143	493.400
105	493.600
111	493.600
146	494.000
104	494.100
114	494.100
137	495.300
122	495.400
132	495.400
147	495.800
149	496.100
124	496.200
138	496.600
149	496.600
117	497.400
134	497.400
132	497.800
147	498.100
118	498.300
146	498.500
104	498.900
127	499.100
109	499.200
129	499.200
141	499.200
134	499.400
142	499.500
141	500.100
106	500.200
103	500.300
111	500.300
113	500.300
141	500.300
123	500.500
146	500.600
108	500.700
117	500.700
132	501.100
114	501.300
109	501.400
123	501.400
125	501.900
134	501.900
146	502.000
118	502.100
140	502.700
146	502.800
150	502.800
151	503.000
112	503.100
142	503.100
150	503.500
137	503.900
136	504.000
141	504.300
144	504.600
150	504.900
121	505.000
117	505.400
136	505.500
112	505.900
148	506.600
137	507.500
133	507.900
113	508.200
112	508.300
150	508.300
140	508.400
129	508.700
124	509.200
144	509.200
127	509.700
137	509.700
115	510.200
128	510.200
113	510.500
123	510.500
118	510.700
122	510.800
115	510.900
121	510.900
144	511.000
104	511.100
131	511.200
114	511.300
133	511.400
149	511.600
136	511.800
140	511.900
126	512.100
103	512.200
112	513.000
141	513.300
145	513.500
128	513.700
132	513.700
125	514.600
117	514.700
135	514.700
110	515.100
123	515.100
133	515.400
130	515.800
105	515.900
106	516.100
123	516.100
108	516.500
110	516.800
115	516.800
133	516.900
103	517.400
120	517.400
115	517.800
138	517.900
109	518.000
112	518.100
103	518.200
112	518.200
135	518.200
129	518.900
119	519.200
114	519.300
117	519.300
149	519.400
131	519.600
126	519.700
122	519.800
124	519.800
152	520.000
140	520.600
120	521.300
144	521.300
110	521.800
150	521.800
110	521.900
128	522.200
132	522.500
118	522.700
129	522.800
137	523.100
147	523.100
116	523.500
124	523.500
136	523.600
152	523.600
152	523.700
105	523.900
143	524.200
134	524.300
106	524.600
124	524.900
150	525.000
118	525.100
140	525.200
126	525.300
114	525.600
104	525.900
108	525.900
146	526.300
149	526.600
119	527.400
132	527.400
140	527.400
137	527.500
119	528.000
140	528.100
123	528.200
140	528.400
114	528.700
131	528.800
143	529.200
134	529.400
136	529.900
103	530.000
132	530.100
129	530.200
119	530.400
136	530.500
126	530.800
149	530.800
124	530.900
135	530.900
107	531.000
105	531.100
108	531.300
125	531.300
112	531.400
152	531.900
112	532.100
124	532.100
127	532.200
108	532.600
104	532.900
140	533.000
140	533.100
132	533.200
113	533.500
104	533.700
107	533.700
107	533.800
108	533.900
130	533.900
150	534.200
127	534.500
147	534.900
146	535.100
110	535.400
108	536.100
110	536.100
123	536.100
108	536.500
105	536.600
144	536.600
151	536.700
121	537.500
132	538.100
115	538.200
104	538.500
134	538.500
122	538.600
152	538.700
132	538.800
111	538.900
131	538.900
114	539.000
130	539.000
104	539.100
142	539.300
118	539.500
120	539.500
127	539.500
148	539.700
122	540.000
140	540.000
149	540.000
122	540.200
146	540.200
106	540.400
103	540.500
135	541.200
131	541.300
138	541.600
147	541.700
107	542.000
111	542.200
109	542.300
139	542.300
139	542.500
150	542.600
144	542.900
111	543.200
112	543.600
142	543.600
103	543.700
109	543.800
120	543.900
138	544.000
111	544.100
117	544.300
121	544.300
119	544.500
128	544.500
140	544.800
151	545.100
148	545.400
129	546.000
132	546.000
134	546.000
120	546.400
139	546.500
147	546.800
149	546.800
152	546.800
127	547.200
149	547.200
121	547.400
139	547.700
125	547.800
137	547.800
152	548.100
105	548.200
134	548.500
135	548.900
138	549.100
151	549.200
104	549.300
135	549.300
131	549.600
119	550.000
122	550.100
141	550.600
136	551.200
130	551.300
135	552.000
150	552.300
125	552.600
140	552.600
134	552.800
126	552.900
120	553.200
116	553.300
121	553.400
123	553.700
104	554.400
127	554.500
119	555.000
113	555.400
139	555.400
111	555.500
140	555.500
130	555.600
131	555.700
113	555.900
134	556.000
151	556.200
130	556.300
107	557.300
110	557.300
151	557.300
142	557.500
131	558.300
127	558.500
109	558.700
110	558.700
120	558.700
104	559.000
121	559.200
135	559.200
147	559.200
151	559.300
152	559.600
107	560.700
113	560.900
109	561.000
114	561.100
118	562.000
108	562.200
117	562.600
122	562.900
144	563.300
110	563.800
112	563.900
151	564.000
114	564.200
126	564.300
139	564.300
149	564.300
134	564.400
115	564.600
148	564.600
104	565.600
149	565.600
115	565.700
135	565.800
151	566.100
118	566.200
121	566.600
139	566.700
142	566.800
130	566.900
141	566.900
121	567.400
123	567.400
126	567.400
136	567.800
122	567.900
136	567.900
143	568.000
120	568.200
126	568.500
135	568.700
124	569.000
123	569.800
150	569.900
117	570.500
134	570.700
109	570.800
143	570.800
128	570.900
119	571.500
142	571.600
107	571.700
112	572.800
130	573.400
107	573.500
142	573.500
138	573.600
152	573.700
113	573.800
126	573.800
129	574.700
149	574.700
113	574.800
140	575.100
125	575.200
139	575.600
131	575.800
134	576.200
139	576.400
151	576.900
146	577.400
134	578.000
112	578.100
106	578.300
121	578.600
147	578.600
115	578.700
104	578.900
105	579.000
106	579.400
142	579.400
137	580.000
130	580.500
115	580.600
151	580.600
122	580.700
124	582.200
147	582.400
115	582.600
139	582.800
124	583.000
128	583.600
119	583.700
122	583.700
118	584.000
139	584.800
134	585.000
118	585.500
148	585.500
139	585.800
128	586.100
133	586.400
151	586.600
126	587.000
150	587.000
110	587.800
151	588.300
139	588.800
146	589.100
103	589.700
103	590.000
118	590.100
120	590.700
124	590.700
113	590.900
120	591.500
142	591.600
106	591.700
123	592.300
113	592.900
123	594.400
129	594.500
130	595.100
137	595.100
126	595.700
137	596.300
150	596.300
138	596.500
151	596.700
146	597.400
104	597.500
139	597.500
117	597.900
151	598.400
140	598.700
133	599.000
134	600.000
146	600.700
145	600.800
115	601.000
132	602.100
107	602.500
117	603.000
135	603.300
144	603.300
115	604.100
118	604.500
151	604.500
129	604.700
135	604.700
145	606.300
116	606.400
110	606.500
146	607.400
125	610.100
128	610.600
116	610.700
106	611.100
140	611.200
120	611.300
135	612.500
117	612.800
121	612.900
103	613.000
145	613.200
110	613.500
147	614.000
119	614.400
107	615.800
108	615.900
115	616.400
136	617.100
152	617.500
121	617.900
109	618.000
128	618.400
140	618.700
123	619.800
152	620.000
117	620.400
135	621.300
134	621.500
138	622.200
114	622.400
150	623.000
147	623.400
111	623.600
139	624.300
125	624.500
135	626.300
112	626.600
133	626.600
143	626.800
116	627.600
111	627.800
112	627.900
115	627.900
107	630.100
108	630.600
116	630.600
132	631.100
139	631.100
103	631.200
128	631.200
134	634.100
151	634.600
151	635.400
147	636.300
105	639.200
143	642.800
