# NEST version: 3.7.0
# RecordingBackendASCII version: 2
sender	time_ms
141	154.500
124	162.500
109	163.900
137	164.300
111	164.700
133	167.300
149	167.400
117	167.500
105	168.100
123	169.100
137	169.400
108	171.100
130	171.100
124	171.800
141	172.000
126	172.200
134	174.600
107	175.000
136	176.400
112	176.800
152	178.600
105	178.800
149	180.000
145	180.200
132	180.500
126	180.600
109	180.900
107	181.100
145	181.200
127	182.400
134	182.600
112	182.800
145	183.300
135	184.100
112	184.200
113	184.900
141	185.400
123	185.900
145	186.500
121	188.500
145	189.200
112	189.300
129	189.400
145	190.100
131	190.300
137	190.300
152	191.200
148	191.800
127	191.900
142	196.300
141	196.900
113	197.100
113	197.500
122	198.200
115	198.700
129	198.800
138	198.900
117	200.400
143	200.500
151	200.600
105	200.800
122	200.900
134	201.200
139	201.600
105	201.700
152	201.800
136	202.400
131	202.500
110	202.600
119	202.800
109	203.100
144	203.100
137	203.400
120	205.100
140	205.200
115	205.400
132	205.500
106	205.800
107	205.900
134	206.600
144	206.700
104	206.900
117	206.900
143	207.200
147	207.300
106	207.400
114	207.700
126	207.900
124	208.000
117	208.500
123	209.000
132	209.500
125	209.700
105	209.900
144	210.100
117	210.400
145	210.600
121	210.800
109	210.900
115	212.000
145	213.400
123	213.800
128	213.800
127	214.300
103	215.000
150	215.100
151	216.000
106	216.100
113	216.200
134	216.400
148	216.400
134	218.000
150	218.800
120	219.100
140	219.300
109	219.600
122	219.700
150	219.900
105	220.400
123	220.700
112	221.600
117	222.000
114	222.700
121	222.700
151	223.700
143	224.700
128	224.800
126	224.900
127	225.200
119	225.400
107	225.500
148	225.600
152	225.900
128	226.500
130	226.500
140	226.600
116	227.800
114	228.700
132	228.800
137	228.800
106	228.900
124	229.100
131	229.300
133	229.300
148	229.600
137	229.700
143	229.700
111	229.800
133	229.800
126	230.400
110	231.800
138	232.300
150	232.400
143	232.800
136	233.400
123	233.600
139	234.000
135	234.200
138	234.800
144	235.100
113	235.300
140	235.800
132	236.500
140	236.600
139	236.900
136	237.200
107	237.300
142	237.600
146	237.800
152	237.900
150	238.200
104	238.300
116	239.300
119	239.600
118	240.000
105	240.300
120	240.400
143	240.500
132	241.300
122	241.400
146	241.600
116	241.800
113	242.100
109	242.200
125	242.400
147	242.600
123	242.700
139	243.200
148	243.300
110	243.400
150	243.400
129	243.700
124	244.100
113	244.600
109	244.900
127	244.900
117	245.000
106	245.100
126	245.400
152	245.600
134	245.800
119	246.100
132	246.500
139	246.800
108	247.300
146	247.500
140	248.100
118	249.800
146	250.200
129	250.500
118	251.700
150	252.000
115	252.400
132	252.500
116	252.900
126	253.000
149	253.400
113	253.900
138	254.100
104	254.200
107	255.200
128	255.400
129	255.800
151	255.900
124	256.000
137	256.200
113	256.400
121	257.900
104	258.100
112	258.200
108	258.600
136	259.000
152	259.000
109	259.100
148	259.300
109	259.400
112	259.500
117	260.900
144	261.200
126	261.400
122	262.300
151	262.700
132	262.900
132	263.000
142	263.600
140	263.800
121	263.900
123	264.800
129	264.800
128	264.900
131	265.100
144	265.100
108	265.600
140	265.900
107	266.000
151	266.300
116	266.500
124	266.800
145	267.300
136	267.500
132	267.600
147	267.600
138	267.700
148	267.700
104	267.800
142	268.500
113	269.600
122	270.300
144	270.300
148	271.500
104	271.600
143	271.600
105	272.200
124	272.200
128	272.200
134	272.200
115	272.600
134	272.600
111	273.000
140	273.700
151	273.800
115	274.100
145	274.700
120	274.900
115	275.900
145	276.000
123	276.100
119	277.100
125	277.400
128	277.500
136	278.100
149	278.300
137	278.500
150	278.500
110	278.800
146	278.800
134	279.100
122	279.800
111	280.000
140	280.000
106	280.500
112	281.200
107	281.900
136	281.900
146	282.300
150	282.300
118	282.900
149	282.900
120	283.100
123	283.100
150	284.300
140	284.600
109	284.900
116	284.900
111	285.300
118	285.500
141	286.100
138	286.400
141	286.500
110	286.700
143	286.700
104	286.800
136	286.900
150	287.000
118	287.100
110	287.200
115	287.400
114	287.500
151	287.500
111	288.800
139	288.900
128	289.000
135	289.000
137	289.500
125	289.600
104	289.700
141	289.700
116	290.400
138	290.500
139	291.000
108	291.200
110	291.300
113	291.600
138	292.300
122	292.400
144	292.400
152	292.800
127	292.900
140	292.900
112	293.000
118	293.000
140	293.100
143	293.100
106	293.200
107	293.300
119	293.400
120	293.800
109	294.300
119	294.400
143	294.900
138	295.100
129	295.400
137	295.500
110	295.800
130	295.800
151	296.900
109	297.000
120	297.300
111	297.400
115	297.400
124	297.500
113	297.700
145	298.100
128	299.000
124	299.600
150	299.900
131	300.600
143	300.900
121	301.100
142	301.200
111	301.300
112	302.200
109	302.400
108	302.900
147	303.400
133	303.600
140	303.600
134	304.000
145	304.200
108	304.500
142	304.500
150	305.000
114	305.200
121	305.300
122	305.800
141	305.800
110	305.900
145	306.000
140	306.100
120	306.200
150	306.200
134	307.100
141	308.300
152	308.400
113	308.600
148	309.300
134	309.400
107	309.600
129	309.900
125	310.200
139	310.200
103	310.300
146	310.500
143	310.600
103	310.800
109	311.300
134	311.300
141	311.300
103	311.500
140	311.800
145	312.100
113	312.500
108	312.700
123	312.800
103	313.000
103	314.600
108	314.800
144	315.100
118	315.200
151	315.600
115	315.700
150	315.800
114	315.900
134	316.000
104	316.500
140	316.500
135	316.600
152	316.900
138	317.100
107	317.300
147	317.400
143	318.200
139	318.800
103	319.200
126	320.000
143	320.000
104	320.400
118	320.400
110	320.600
151	320.600
133	321.100
143	321.200
148	322.200
137	322.300
118	322.400
144	322.500
111	322.600
121	322.800
143	323.500
121	324.100
125	324.200
143	324.400
142	324.500
138	324.900
139	325.100
121	325.200
136	325.300
119	325.500
124	325.500
105	325.700
130	326.100
128	326.200
141	326.200
143	326.200
107	326.300
119	326.400
105	326.500
139	326.600
131	327.200
143	327.300
144	327.300
138	327.400
107	327.900
118	327.900
127	328.400
122	328.700
115	329.200
123	329.400
149	329.500
150	329.500
145	329.800
121	330.000
127	330.200
141	330.200
145	330.500
118	330.700
120	330.800
114	331.100
123	331.500
134	331.700
151	331.800
143	331.900
124	332.700
144	333.000
115	333.600
110	334.200
140	335.900
111	336.200
147	336.200
106	336.300
125	337.000
135	337.000
139	337.100
152	337.200
127	337.400
147	337.500
126	337.600
118	337.700
152	337.700
146	337.900
139	338.700
137	339.200
145	339.600
113	340.100
151	340.500
136	340.600
128	341.400
114	342.500
121	343.100
127	343.300
118	343.400
140	345.400
140	346.900
128	347.100
137	347.100
109	347.200
114	347.500
117	347.800
142	348.000
109	348.400
132	348.500
108	349.100
103	350.200
142	350.600
117	350.700
143	350.900
139	351.100
111	351.400
122	351.500
136	351.500
113	352.300
127	353.300
107	353.500
114	353.800
130	354.700
125	356.300
112	356.500
121	356.900
150	357.700
129	357.800
150	359.400
131	360.300
125	360.500
104	361.200
124	361.300
131	362.600
119	363.700
110	364.200
118	364.400
131	364.400
112	364.600
113	365.000
127	366.200
109	366.500
109	366.700
143	366.800
150	367.200
129	367.600
109	368.200
134	368.200
112	371.700
135	371.800
120	373.400
108	374.000
131	375.100
112	375.300
138	375.400
147	377.800
131	379.600
132	379.600
146	380.300
136	381.600
130	383.700
123	384.100
126	384.600
142	384.700
108	387.900
129	389.900
111	392.100
111	395.000
108	396.400
