# NEST version: 3.7.0
# RecordingBackendASCII version: 2
sender	time_ms
256	1.000
304	2.000
326	2.000
253	3.000
276	4.000
372	4.000
307	5.000
311	5.000
318	6.000
344	6.000
289	8.000
298	8.000
316	8.000
201	9.000
359	9.000
206	11.000
295	11.000
382	11.000
289	12.000
325	13.000
218	14.000
368	15.000
288	17.000
364	17.000
214	19.000
254	20.000
251	21.000
353	21.000
383	22.000
393	22.000
315	25.000
201	26.000
327	26.000
385	26.000
214	28.000
302	29.000
345	30.000
249	32.000
247	33.000
298	34.000
285	35.000
328	35.000
204	36.000
265	37.000
292	38.000
256	39.000
201	40.000
204	40.000
296	40.000
237	43.000
236	44.000
370	44.000
252	45.000
319	45.000
372	45.000
225	47.000
325	47.000
399	48.000
297	49.000
244	51.000
281	51.000
308	51.000
203	53.000
232	57.000
277	57.000
217	58.000
266	58.000
233	62.000
252	64.000
299	65.000
259	66.000
227	67.000
365	67.000
331	68.000
358	68.000
384	68.000
390	68.000
231	70.000
254	70.000
345	74.000
354	77.000
373	78.000
244	79.000
272	79.000
360	79.000
242	82.000
395	82.000
213	83.000
253	83.000
362	86.000
255	90.000
397	91.000
262	93.000
265	93.000
242	94.000
361	95.000
240	96.000
206	98.000
266	98.000
374	98.000
319	99.000
331	99.000
353	99.000
220	100.000
281	100.000
397	100.000
270	101.000
251	103.000
289	103.000
378	105.000
240	106.000
334	106.000
304	108.000
385	109.000
387	109.000
316	110.000
279	111.000
339	111.000
208	112.000
237	112.000
266	112.000
347	113.000
346	114.000
384	114.000
225	115.000
310	115.000
362	115.000
245	117.000
290	118.000
266	119.000
233	120.000
202	121.000
364	121.000
295	122.000
319	122.000
204	123.000
250	123.000
328	123.000
334	123.000
388	123.000
336	124.000
307	125.000
342	125.000
368	125.000
280	126.000
232	127.000
384	127.000
365	128.000
303	130.000
351	130.000
330	132.000
280	133.000
266	138.000
235	139.000
293	140.000
248	143.000
231	144.000
283	145.000
205	148.000
203	149.000
302	149.000
256	150.000
335	151.000
270	155.000
316	156.000
367	156.000
373	156.000
229	158.000
336	158.000
388	159.000
208	160.000
400	163.000
325	164.000
313	165.000
218	166.000
300	166.000
313	166.000
220	167.000
365	167.000
382	167.000
214	169.000
227	169.000
276	169.000
284	169.000
248	170.000
251	171.000
361	172.000
287	173.000
257	179.000
284	181.000
209	182.000
280	182.000
255	185.000
283	186.000
335	186.000
240	187.000
260	187.000
339	187.000
394	187.000
296	188.000
306	188.000
244	191.000
330	191.000
347	191.000
288	192.000
229	193.000
370	195.000
387	197.000
358	198.000
378	198.000
395	201.000
379	203.000
242	204.000
267	204.000
306	204.000
284	205.000
359	206.000
301	207.000
271	208.000
391	208.000
363	210.000
220	211.000
386	211.000
240	212.000
314	212.000
203	213.000
288	214.000
314	214.000
359	215.000
212	217.000
334	217.000
355	217.000
393	218.000
224	219.000
320	219.000
232	220.000
239	220.000
268	220.000
320	222.000
276	223.000
381	223.000
386	224.000
389	224.000
335	225.000
387	225.000
211	226.000
281	226.000
283	227.000
319	227.000
289	229.000
387	229.000
268	230.000
291	230.000
234	231.000
340	231.000
262	233.000
279	233.000
251	234.000
391	235.000
228	236.000
366	238.000
343	239.000
229	240.000
327	240.000
368	242.000
301	243.000
356	243.000
383	243.000
201	245.000
274	246.000
373	246.000
384	246.000
306	247.000
251	248.000
355	248.000
262	249.000
344	249.000
292	250.000
263	252.000
246	253.000
290	253.000
247	256.000
327	256.000
220	258.000
357	258.000
260	260.000
324	262.000
389	264.000
205	265.000
212	265.000
234	265.000
362	265.000
314	267.000
333	267.000
221	269.000
342	269.000
258	270.000
360	270.000
251	271.000
270	271.000
214	275.000
231	276.000
321	279.000
383	279.000
389	280.000
270	281.000
385	281.000
234	283.000
293	285.000
303	285.000
234	286.000
301	288.000
344	288.000
245	291.000
281	291.000
213	294.000
287	294.000
400	295.000
370	296.000
397	296.000
392	297.000
251	299.000
222	301.000
274	302.000
220	304.000
281	306.000
242	307.000
247	309.000
400	312.000
296	314.000
210	316.000
243	317.000
285	318.000
356	321.000
368	322.000
271	324.000
310	326.000
394	327.000
315	328.000
372	328.000
255	329.000
239	330.000
249	330.000
371	330.000
288	331.000
249	334.000
344	334.000
248	335.000
328	335.000
384	335.000
275	336.000
251	338.000
320	341.000
265	343.000
309	343.000
321	343.000
362	343.000
299	344.000
226	347.000
298	347.000
220	348.000
238	350.000
375	351.000
219	352.000
319	352.000
233	353.000
348	354.000
214	355.000
395	358.000
242	360.000
307	362.000
385	362.000
247	363.000
234	366.000
280	369.000
371	370.000
303	371.000
372	373.000
276	374.000
324	374.000
233	375.000
397	375.000
350	376.000
226	377.000
262	377.000
286	378.000
274	379.000
299	379.000
277	380.000
349	381.000
317	383.000
377	384.000
295	386.000
281	387.000
246	389.000
218	391.000
237	391.000
264	391.000
389	392.000
367	393.000
237	394.000
262	395.000
318	395.000
376	395.000
314	396.000
349	396.000
390	398.000
396	399.000
323	400.000
219	402.000
288	403.000
305	403.000
250	404.000
256	405.000
279	407.000
210	408.000
276	408.000
335	410.000
379	410.000
358	411.000
207	414.000
238	414.000
283	414.000
266	415.000
400	418.000
210	421.000
297	421.000
238	422.000
273	423.000
292	424.000
360	424.000
203	426.000
234	426.000
335	426.000
302	427.000
226	428.000
202	429.000
359	429.000
252	430.000
317	430.000
339	430.000
210	433.000
381	433.000
209	434.000
273	436.000
317	436.000
250	437.000
341	440.000
330	442.000
249	443.000
270	443.000
361	443.000
338	444.000
253	445.000
360	445.000
239	447.000
265	449.000
283	452.000
308	453.000
301	454.000
328	454.000
348	454.000
248	455.000
222	456.000
288	457.000
321	458.000
393	461.000
231	462.000
298	462.000
288	463.000
207	465.000
302	465.000
381	465.000
286	466.000
298	466.000
385	469.000
307	470.000
236	471.000
286	471.000
292	471.000
387	471.000
255	472.000
386	472.000
263	475.000
220	478.000
314	478.000
284	479.000
356	479.000
364	480.000
262	481.000
227	484.000
266	484.000
230	486.000
328	486.000
269	487.000
294	487.000
378	488.000
280	490.000
342	491.000
336	492.000
379	492.000
212	494.000
304	494.000
350	495.000
317	497.000
330	500.000
365	502.000
370	504.000
260	505.000
201	506.000
305	506.000
233	507.000
345	507.000
203	509.000
251	511.000
370	517.000
264	518.000
370	518.000
256	519.000
369	521.000
245	522.000
278	523.000
289	523.000
241	524.000
365	524.000
368	528.000
215	529.000
339	529.000
206	530.000
262	530.000
392	530.000
351	532.000
204	533.000
392	533.000
257	534.000
363	534.000
228	535.000
316	535.000
321	535.000
281	537.000
368	543.000
375	543.000
220	545.000
381	545.000
280	546.000
237	550.000
339	551.000
315	553.000
342	553.000
225	554.000
400	554.000
399	556.000
379	558.000
380	558.000
329	559.000
291	560.000
336	560.000
381	560.000
230	562.000
341	562.000
361	562.000
384	563.000
233	567.000
252	567.000
235	568.000
351	568.000
373	568.000
363	569.000
307	572.000
317	575.000
349	575.000
363	576.000
269	578.000
357	578.000
362	580.000
258	581.000
373	581.000
314	583.000
279	584.000
338	585.000
343	586.000
357	586.000
338	587.000
339	590.000
398	592.000
310	593.000
319	594.000
336	594.000
342	594.000
318	595.000
284	597.000
329	598.000
350	598.000
354	598.000
389	598.000
376	599.000
216	600.000
240	600.000
220	601.000
234	601.000
242	603.000
390	603.000
238	605.000
358	605.000
364	605.000
242	607.000
300	608.000
365	608.000
287	609.000
282	613.000
325	614.000
206	617.000
387	619.000
271	620.000
365	620.000
294	621.000
262	623.000
263	623.000
372	624.000
314	626.000
329	629.000
273	630.000
343	630.000
340	631.000
370	632.000
252	633.000
252	634.000
308	634.000
301	635.000
269	637.000
271	637.000
293	638.000
332	638.000
203	640.000
229	640.000
210	642.000
290	642.000
257	643.000
286	643.000
329	643.000
346	644.000
375	644.000
306	645.000
366	645.000
384	645.000
298	646.000
237	649.000
218	650.000
391	650.000
268	651.000
342	651.000
318	652.000
297	656.000
317	657.000
362	657.000
233	658.000
260	659.000
395	659.000
297	660.000
219	664.000
306	665.000
363	668.000
374	670.000
218	673.000
266	673.000
289	673.000
264	674.000
233	675.000
242	675.000
356	675.000
373	675.000
287	676.000
256	678.000
330	679.000
216	680.000
310	681.000
235	682.000
316	684.000
208	686.000
250	686.000
325	686.000
219	687.000
358	687.000
390	689.000
215	691.000
216	692.000
364	692.000
311	693.000
331	693.000
344	693.000
202	695.000
386	697.000
382	699.000
284	701.000
290	701.000
243	702.000
273	702.000
346	703.000
223	704.000
264	704.000
231	705.000
336	705.000
238	706.000
323	706.000
245	707.000
316	707.000
206	708.000
311	709.000
344	710.000
373	710.000
383	710.000
387	710.000
293	711.000
352	711.000
371	711.000
267	715.000
278	715.000
371	719.000
381	719.000
222	721.000
282	721.000
327	722.000
343	722.000
295	726.000
373	727.000
226	729.000
266	730.000
269	730.000
232	732.000
400	734.000
238	736.000
302	736.000
383	736.000
356	737.000
236	739.000
249	739.000
336	740.000
378	740.000
215	741.000
358	741.000
215	743.000
213	744.000
278	744.000
307	744.000
237	747.000
205	748.000
363	748.000
346	749.000
206	750.000
252	750.000
274	750.000
307	751.000
311	751.000
350	752.000
382	753.000
223	754.000
233	754.000
304	754.000
331	754.000
336	756.000
233	757.000
290	757.000
330	759.000
249	760.000
296	760.000
243	761.000
284	763.000
324	763.000
311	764.000
348	764.000
320	766.000
343	767.000
234	769.000
210	771.000
227	771.000
271	771.000
330	771.000
331	771.000
347	772.000
245	773.000
268	774.000
305	775.000
308	775.000
235	776.000
341	778.000
262	779.000
252	782.000
314	783.000
211	784.000
212	786.000
309	787.000
390	789.000
368	791.000
307	793.000
372	793.000
318	795.000
297	797.000
340	798.000
278	800.000
323	800.000
210	801.000
269	805.000
325	805.000
388	807.000
231	808.000
285	808.000
302	809.000
323	810.000
383	810.000
336	812.000
392	812.000
271	813.000
335	813.000
217	814.000
369	815.000
259	816.000
265	816.000
309	816.000
343	816.000
228	817.000
240	819.000
274	820.000
217	821.000
383	821.000
227	822.000
286	822.000
217	823.000
223	823.000
340	823.000
376	823.000
368	824.000
235	825.000
226	826.000
294	827.000
318	827.000
216	828.000
243	830.000
264	830.000
319	830.000
359	830.000
369	833.000
243	834.000
263	835.000
352	835.000
213	838.000
264	838.000
395	838.000
216	839.000
372	839.000
249	841.000
268	841.000
282	842.000
334	843.000
397	844.000
256	845.000
229	847.000
324	848.000
361	849.000
312	850.000
398	850.000
294	853.000
342	854.000
281	856.000
381	857.000
339	858.000
373	858.000
319	859.000
363	859.000
257	860.000
294	860.000
266	861.000
299	861.000
257	862.000
235	865.000
324	865.000
388	866.000
205	867.000
308	869.000
319	869.000
218	872.000
239	872.000
349	874.000
201	875.000
221	875.000
298	875.000
331	877.000
220	879.000
374	881.000
392	882.000
327	883.000
235	884.000
398	884.000
296	885.000
331	886.000
356	886.000
369	886.000
226	890.000
269	890.000
243	892.000
278	894.000
325	894.000
394	895.000
280	896.000
323	896.000
380	897.000
330	898.000
249	899.000
299	899.000
335	899.000
324	901.000
327	901.000
384	902.000
267	904.000
349	906.000
245	907.000
387	908.000
265	909.000
316	909.000
215	910.000
238	910.000
251	912.000
324	912.000
207	913.000
201	914.000
344	914.000
264	915.000
397	916.000
226	918.000
257	918.000
274	918.000
365	918.000
241	919.000
270	919.000
261	920.000
289	920.000
281	921.000
292	921.000
358	923.000
361	923.000
319	927.000
336	927.000
378	927.000
255	928.000
295	928.000
372	928.000
230	930.000
231	931.000
233	934.000
318	934.000
282	936.000
304	936.000
228	939.000
323	940.000
261	941.000
235	942.000
238	944.000
271	944.000
309	944.000
201	945.000
259	945.000
235	947.000
396	947.000
246	948.000
391	948.000
370	949.000
265	951.000
273	951.000
324	951.000
303	952.000
227	953.000
294	953.000
361	953.000
261	955.000
258	956.000
289	956.000
265	957.000
331	957.000
339	957.000
310	959.000
300	961.000
284	964.000
333	964.000
368	964.000
271	965.000
293	965.000
367	965.000
288	966.000
352	966.000
273	967.000
278	967.000
308	967.000
309	967.000
215	968.000
312	968.000
212	970.000
326	971.000
211	972.000
262	972.000
250	973.000
270	973.000
310	973.000
206	975.000
387	975.000
234	976.000
279	977.000
318	978.000
321	978.000
261	979.000
213	981.000
326	982.000
342	985.000
239	986.000
329	986.000
268	987.000
294	987.000
284	989.000
312	990.000
213	991.000
243	991.000
222	993.000
314	993.000
264	995.000
204	997.000
306	997.000
210	998.000
349	1000.000
206	1002.000
317	1002.000
318	1003.000
208	1005.000
227	1005.000
362	1007.000
340	1008.000
250	1013.000
256	1013.000
300	1013.000
297	1014.000
319	1015.000
318	1016.000
362	1017.000
293	1018.000
304	1018.000
366	1018.000
394	1019.000
225	1021.000
330	1021.000
297	1022.000
308	1023.000
340	1023.000
220	1024.000
320	1024.000
216	1025.000
284	1025.000
332	1025.000
358	1026.000
253	1027.000
376	1027.000
233	1029.000
264	1029.000
306	1029.000
351	1031.000
256	1033.000
273	1034.000
210	1036.000
315	1036.000
393	1036.000
201	1037.000
248	1039.000
373	1041.000
385	1041.000
292	1042.000
366	1043.000
283	1044.000
311	1044.000
231	1045.000
338	1046.000
342	1046.000
368	1046.000
245	1047.000
249	1047.000
292	1047.000
315	1047.000
364	1047.000
208	1048.000
273	1048.000
271	1049.000
298	1050.000
356	1050.000
303	1051.000
339	1051.000
378	1051.000
227	1054.000
397	1054.000
299	1055.000
295	1056.000
338	1056.000
201	1057.000
293	1057.000
312	1057.000
346	1057.000
267	1058.000
207	1060.000
387	1060.000
270	1062.000
293	1063.000
390	1063.000
252	1064.000
285	1065.000
393	1065.000
263	1066.000
272	1067.000
234	1070.000
201	1071.000
238	1071.000
360	1075.000
258	1076.000
224	1077.000
305	1077.000
329	1077.000
206	1079.000
279	1079.000
302	1080.000
242	1081.000
357	1081.000
210	1082.000
205	1083.000
337	1084.000
333	1085.000
356	1086.000
254	1087.000
291	1088.000
291	1089.000
355	1089.000
221	1090.000
252	1090.000
329	1090.000
381	1090.000
397	1092.000
217	1093.000
271	1094.000
204	1096.000
244	1097.000
254	1097.000
230	1099.000
215	1100.000
356	1100.000
227	1102.000
345	1104.000
234	1105.000
247	1105.000
299	1107.000
371	1107.000
213	1109.000
315	1109.000
355	1109.000
296	1110.000
351	1110.000
215	1112.000
227	1112.000
244	1112.000
389	1112.000
303	1113.000
316	1114.000
317	1114.000
227	1116.000
260	1116.000
222	1117.000
258	1117.000
272	1117.000
360	1117.000
229	1118.000
267	1118.000
225	1119.000
237	1121.000
285	1121.000
394	1121.000
214	1122.000
354	1122.000
237	1124.000
328	1124.000
231	1126.000
254	1126.000
276	1127.000
284	1131.000
289	1134.000
380	1134.000
377	1135.000
224	1137.000
394	1137.000
314	1140.000
327	1141.000
392	1141.000
397	1141.000
390	1142.000
330	1143.000
261	1144.000
296	1144.000
235	1146.000
245	1146.000
370	1146.000
230	1147.000
305	1147.000
280	1149.000
249	1150.000
299	1152.000
209	1153.000
224	1153.000
290	1153.000
347	1153.000
210	1154.000
335	1154.000
377	1154.000
394	1158.000
327	1160.000
281	1161.000
353	1161.000
230	1162.000
335	1164.000
384	1166.000
217	1169.000
234	1169.000
384	1169.000
247	1170.000
254	1170.000
293	1170.000
314	1170.000
267	1171.000
314	1173.000
234	1177.000
319	1178.000
351	1179.000
239	1180.000
220	1181.000
366	1181.000
341	1182.000
255	1183.000
378	1183.000
216	1184.000
338	1184.000
236	1185.000
208	1186.000
383	1186.000
267	1188.000
352	1188.000
223	1189.000
233	1190.000
240	1193.000
254	1193.000
256	1194.000
345	1195.000
245	1196.000
268	1197.000
346	1197.000
393	1197.000
332	1198.000
275	1199.000
350	1199.000
224	1201.000
391	1203.000
214	1204.000
268	1205.000
235	1206.000
242	1206.000
282	1206.000
383	1206.000
324	1208.000
360	1208.000
361	1208.000
340	1210.000
263	1211.000
390	1211.000
236	1212.000
295	1212.000
251	1213.000
374	1213.000
225	1214.000
302	1216.000
390	1216.000
285	1218.000
203	1221.000
219	1221.000
225	1221.000
308	1225.000
224	1226.000
234	1227.000
267	1227.000
312	1227.000
358	1227.000
264	1228.000
384	1229.000
387	1229.000
223	1231.000
294	1231.000
215	1232.000
298	1233.000
312	1233.000
250	1235.000
309	1235.000
301	1236.000
226	1237.000
321	1239.000
369	1239.000
388	1239.000
271	1240.000
366	1241.000
374	1241.000
254	1243.000
282	1243.000
362	1244.000
306	1246.000
369	1246.000
201	1247.000
211	1247.000
256	1249.000
321	1249.000
272	1250.000
330	1250.000
360	1250.000
221	1252.000
393	1252.000
260	1256.000
289	1256.000
396	1258.000
282	1260.000
354	1261.000
315	1262.000
351	1262.000
340	1263.000
371	1263.000
209	1265.000
370	1265.000
244	1268.000
292	1268.000
356	1268.000
244	1272.000
293	1275.000
217	1277.000
369	1277.000
308	1279.000
332	1280.000
379	1281.000
240	1284.000
251	1284.000
329	1286.000
233	1288.000
341	1289.000
293	1292.000
334	1294.000
334	1295.000
229	1296.000
356	1297.000
294	1298.000
306	1298.000
327	1298.000
353	1299.000
234	1300.000
277	1300.000
244	1303.000
338	1306.000
213	1307.000
259	1307.000
266	1307.000
225	1309.000
271	1310.000
289	1310.000
373	1310.000
291	1311.000
353	1311.000
393	1313.000
377	1316.000
385	1317.000
255	1319.000
290	1320.000
301	1320.000
264	1321.000
213	1322.000
231	1322.000
400	1322.000
268	1324.000
325	1324.000
364	1325.000
366	1325.000
367	1325.000
238	1327.000
350	1328.000
251	1329.000
312	1329.000
253	1330.000
342	1330.000
285	1331.000
383	1331.000
366	1332.000
245	1334.000
361	1335.000
364	1335.000
345	1336.000
383	1338.000
284	1339.000
309	1341.000
388	1342.000
274	1347.000
206	1348.000
207	1348.000
273	1350.000
387	1350.000
201	1351.000
215	1351.000
303	1352.000
348	1352.000
370	1353.000
395	1355.000
264	1356.000
317	1356.000
354	1356.000
387	1359.000
220	1360.000
261	1361.000
385	1361.000
377	1362.000
204	1363.000
218	1363.000
295	1363.000
227	1364.000
265	1364.000
295	1364.000
396	1364.000
330	1365.000
332	1366.000
362	1368.000
205	1373.000
332	1373.000
207	1374.000
280	1374.000
244	1375.000
276	1377.000
365	1377.000
309	1380.000
274	1381.000
310	1382.000
233	1384.000
276	1384.000
238	1385.000
285	1385.000
304	1386.000
302	1388.000
384	1388.000
241	1389.000
351	1389.000
226	1391.000
353	1392.000
373	1393.000
342	1395.000
274	1396.000
286	1396.000
291	1396.000
266	1399.000
233	1400.000
253	1400.000
210	1402.000
282	1404.000
352	1405.000
380	1405.000
280	1407.000
363	1408.000
290	1409.000
318	1411.000
275	1415.000
251	1417.000
328	1418.000
325	1420.000
242	1421.000
330	1423.000
350	1427.000
307	1429.000
285	1430.000
289	1430.000
297	1430.000
261	1431.000
357	1431.000
379	1433.000
209	1434.000
349	1434.000
265	1435.000
282	1437.000
243	1438.000
236	1439.000
330	1440.000
388	1440.000
255	1441.000
300	1441.000
204	1442.000
319	1442.000
350	1444.000
397	1444.000
304	1446.000
306	1448.000
235	1450.000
207	1451.000
238	1451.000
296	1451.000
272	1452.000
353	1453.000
226	1455.000
279	1455.000
292	1458.000
307	1458.000
217	1459.000
344	1459.000
323	1460.000
377	1460.000
353	1461.000
206	1462.000
345	1462.000
388	1463.000
207	1464.000
236	1464.000
292	1465.000
253	1466.000
354	1466.000
384	1466.000
324	1467.000
338	1467.000
292	1469.000
341	1469.000
352	1470.000
281	1471.000
323	1472.000
297	1473.000
342	1474.000
397	1476.000
313	1480.000
380	1481.000
208	1482.000
300	1482.000
334	1482.000
238	1485.000
287	1485.000
319	1485.000
371	1485.000
261	1487.000
371	1488.000
235	1490.000
298	1490.000
314	1491.000
240	1492.000
383	1493.000
229	1495.000
348	1497.000
357	1497.000
260	1500.000
265	1500.000
