# NEST version: 3.7.0
# RecordingBackendASCII version: 2
sender	time_ms
256	1.000
304	2.000
326	2.000
253	3.000
276	4.000
372	4.000
307	5.000
311	5.000
318	6.000
344	6.000
289	8.000
298	8.000
316	8.000
201	9.000
359	9.000
206	11.000
295	11.000
382	11.000
289	12.000
325	13.000
218	14.000
368	15.000
288	17.000
364	17.000
214	19.000
254	20.000
251	21.000
353	21.000
383	22.000
393	22.000
315	25.000
201	26.000
327	26.000
385	26.000
214	28.000
302	29.000
345	30.000
249	32.000
247	33.000
298	34.000
285	35.000
328	35.000
204	36.000
265	37.000
292	38.000
256	39.000
201	40.000
204	40.000
296	40.000
237	43.000
236	44.000
370	44.000
252	45.000
319	45.000
372	45.000
225	47.000
325	47.000
399	48.000
297	49.000
244	51.000
281	51.000
308	51.000
203	53.000
232	57.000
277	57.000
217	58.000
266	58.000
233	62.000
252	64.000
299	65.000
259	66.000
227	67.000
365	67.000
331	68.000
358	68.000
384	68.000
390	68.000
231	70.000
254	70.000
345	74.000
354	77.000
373	78.000
244	79.000
272	79.000
360	79.000
242	82.000
395	82.000
213	83.000
253	83.000
362	86.000
255	90.000
397	91.000
262	93.000
265	93.000
242	94.000
361	95.000
240	96.000
206	98.000
266	98.000
374	98.000
319	99.000
331	99.000
353	99.000
220	100.000
281	100.000
397	100.000
270	101.000
251	103.000
289	103.000
378	105.000
240	106.000
334	106.000
304	108.000
385	109.000
387	109.000
316	110.000
279	111.000
339	111.000
208	112.000
237	112.000
266	112.000
347	113.000
346	114.000
384	114.000
225	115.000
310	115.000
362	115.000
245	117.000
290	118.000
266	119.000
233	120.000
202	121.000
364	121.000
295	122.000
319	122.000
204	123.000
250	123.000
328	123.000
334	123.000
388	123.000
336	124.000
307	125.000
342	125.000
368	125.000
280	126.000
232	127.000
384	127.000
365	128.000
303	130.000
351	130.000
330	132.000
280	133.000
266	138.000
235	139.000
293	140.000
248	143.000
231	144.000
283	145.000
205	148.000
203	149.000
302	149.000
256	150.000
335	151.000
270	155.000
316	156.000
367	156.000
373	156.000
229	158.000
336	158.000
388	159.000
208	160.000
400	163.000
325	164.000
313	165.000
218	166.000
300	166.000
313	166.000
220	167.000
365	167.000
382	167.000
214	169.000
227	169.000
276	169.000
284	169.000
248	170.000
251	171.000
361	172.000
287	173.000
257	179.000
284	181.000
209	182.000
280	182.000
255	185.000
283	186.000
335	186.000
240	187.000
260	187.000
339	187.000
394	187.000
296	188.000
306	188.000
244	191.000
330	191.000
347	191.000
288	192.000
229	193.000
370	195.000
387	197.000
358	198.000
378	198.000
395	201.000
379	203.000
242	204.000
267	204.000
306	204.000
284	205.000
359	206.000
301	207.000
271	208.000
391	208.000
363	210.000
220	211.000
386	211.000
240	212.000
314	212.000
203	213.000
288	214.000
314	214.000
359	215.000
212	217.000
334	217.000
355	217.000
393	218.000
224	219.000
320	219.000
232	220.000
239	220.000
268	220.000
320	222.000
276	223.000
381	223.000
386	224.000
389	224.000
335	225.000
387	225.000
211	226.000
281	226.000
283	227.000
319	227.000
289	229.000
387	229.000
268	230.000
291	230.000
234	231.000
340	231.000
262	233.000
279	233.000
251	234.000
391	235.000
228	236.000
366	238.000
343	239.000
229	240.000
327	240.000
368	242.000
301	243.000
356	243.000
383	243.000
201	245.000
274	246.000
373	246.000
384	246.000
306	247.000
251	248.000
355	248.000
262	249.000
344	249.000
292	250.000
263	252.000
246	253.000
290	253.000
247	256.000
327	256.000
220	258.000
357	258.000
260	260.000
324	262.000
389	264.000
205	265.000
212	265.000
234	265.000
362	265.000
314	267.000
333	267.000
221	269.000
342	269.000
258	270.000
360	270.000
251	271.000
270	271.000
214	275.000
231	276.000
321	279.000
383	279.000
389	280.000
270	281.000
385	281.000
234	283.000
293	285.000
303	285.000
234	286.000
301	288.000
344	288.000
245	291.000
281	291.000
213	294.000
287	294.000
400	295.000
370	296.000
397	296.000
392	297.000
251	299.000
222	301.000
274	302.000
220	304.000
281	306.000
242	307.000
247	309.000
400	312.000
296	314.000
210	316.000
243	317.000
285	318.000
356	321.000
368	322.000
271	324.000
310	326.000
394	327.000
315	328.000
372	328.000
255	329.000
239	330.000
249	330.000
371	330.000
288	331.000
249	334.000
344	334.000
248	335.000
328	335.000
384	335.000
275	336.000
251	338.000
320	341.000
265	343.000
309	343.000
321	343.000
362	343.000
299	344.000
226	347.000
298	347.000
220	348.000
238	350.000
375	351.000
219	352.000
319	352.000
233	353.000
348	354.000
214	355.000
395	358.000
242	360.000
307	362.000
385	362.000
247	363.000
234	366.000
280	369.000
371	370.000
303	371.000
372	373.000
276	374.000
324	374.000
233	375.000
397	375.000
350	376.000
226	377.000
262	377.000
286	378.000
274	379.000
299	379.000
277	380.000
349	381.000
317	383.000
377	384.000
295	386.000
281	387.000
246	389.000
218	391.000
237	391.000
264	391.000
389	392.000
367	393.000
237	394.000
262	395.000
318	395.000
376	395.000
314	396.000
349	396.000
390	398.000
396	399.000
323	400.000
219	402.000
288	403.000
305	403.000
250	404.000
256	405.000
279	407.000
210	408.000
276	408.000
335	410.000
379	410.000
358	411.000
207	414.000
238	414.000
283	414.000
266	415.000
400	418.000
210	421.000
297	421.000
238	422.000
273	423.000
292	424.000
360	424.000
203	426.000
234	426.000
335	426.000
302	427.000
226	428.000
202	429.000
359	429.000
252	430.000
317	430.000
339	430.000
210	433.000
381	433.000
209	434.000
273	436.000
317	436.000
250	437.000
341	440.000
330	442.000
249	443.000
270	443.000
361	443.000
338	444.000
253	445.000
360	445.000
239	447.000
265	449.000
283	452.000
308	453.000
301	454.000
328	454.000
348	454.000
248	455.000
222	456.000
288	457.000
321	458.000
393	461.000
231	462.000
298	462.000
288	463.000
207	465.000
302	465.000
381	465.000
286	466.000
298	466.000
385	469.000
307	470.000
236	471.000
286	471.000
292	471.000
387	471.000
255	472.000
386	472.000
263	475.000
220	478.000
314	478.000
284	479.000
356	479.000
364	480.000
262	481.000
227	484.000
266	484.000
230	486.000
328	486.000
269	487.000
294	487.000
378	488.000
280	490.000
342	491.000
336	492.000
379	492.000
212	494.000
304	494.000
350	495.000
317	497.000
330	500.000
365	502.000
370	504.000
260	505.000
201	506.000
305	506.000
233	507.000
345	507.000
203	509.000
251	511.000
370	517.000
264	518.000
370	518.000
256	519.000
369	521.000
245	522.000
278	523.000
289	523.000
241	524.000
365	524.000
368	528.000
215	529.000
339	529.000
206	530.000
262	530.000
392	530.000
351	532.000
204	533.000
392	533.000
257	534.000
363	534.000
228	535.000
316	535.000
321	535.000
281	537.000
368	543.000
375	543.000
220	545.000
381	545.000
280	546.000
237	550.000
339	551.000
315	553.000
342	553.000
225	554.000
400	554.000
399	556.000
379	558.000
380	558.000
329	559.000
291	560.000
336	560.000
381	560.000
230	562.000
341	562.000
361	562.000
384	563.000
233	567.000
252	567.000
235	568.000
351	568.000
373	568.000
363	569.000
307	572.000
317	575.000
349	575.000
363	576.000
269	578.000
357	578.000
362	580.000
258	581.000
373	581.000
314	583.000
279	584.000
338	585.000
343	586.000
357	586.000
338	587.000
339	590.000
398	592.000
310	593.000
319	594.000
336	594.000
342	594.000
318	595.000
284	597.000
329	598.000
350	598.000
354	598.000
389	598.000
376	599.000
216	600.000
240	600.000
220	601.000
234	601.000
242	603.000
390	603.000
238	605.000
358	605.000
364	605.000
242	607.000
300	608.000
365	608.000
287	609.000
282	613.000
325	614.000
206	617.000
387	619.000
271	620.000
365	620.000
294	621.000
262	623.000
263	623.000
372	624.000
314	626.000
329	629.000
273	630.000
343	630.000
340	631.000
370	632.000
252	633.000
252	634.000
308	634.000
301	635.000
269	637.000
271	637.000
293	638.000
332	638.000
203	640.000
229	640.000
210	642.000
290	642.000
257	643.000
286	643.000
329	643.000
346	644.000
375	644.000
306	645.000
366	645.000
384	645.000
298	646.000
237	649.000
218	650.000
391	650.000
268	651.000
342	651.000
318	652.000
248	656.000
250	657.000
295	657.000
316	659.000
223	660.000
397	663.000
226	665.000
345	667.000
282	668.000
381	669.000
396	669.000
297	670.000
379	672.000
211	675.000
228	675.000
332	675.000
314	678.000
344	678.000
256	679.000
219	681.000
276	681.000
355	681.000
383	683.000
322	685.000
330	688.000
394	688.000
356	689.000
281	690.000
256	692.000
355	695.000
396	695.000
215	696.000
280	696.000
400	696.000
328	697.000
229	698.000
373	699.000
295	701.000
331	702.000
219	704.000
260	704.000
318	704.000
394	704.000
203	705.000
329	705.000
344	706.000
348	706.000
383	706.000
218	707.000
238	707.000
222	710.000
307	712.000
331	712.000
372	714.000
227	715.000
288	715.000
294	717.000
387	718.000
343	719.000
349	720.000
217	721.000
203	722.000
217	723.000
279	723.000
299	724.000
243	725.000
296	725.000
244	726.000
397	726.000
350	727.000
383	727.000
218	728.000
297	730.000
305	730.000
353	730.000
356	730.000
372	731.000
361	734.000
397	734.000
347	735.000
396	735.000
250	736.000
271	737.000
250	738.000
290	738.000
254	739.000
296	739.000
291	741.000
231	742.000
241	744.000
252	745.000
330	745.000
317	746.000
355	747.000
257	748.000
221	749.000
374	749.000
268	750.000
391	752.000
293	756.000
280	759.000
341	759.000
342	759.000
364	760.000
219	761.000
244	762.000
277	767.000
302	767.000
378	767.000
335	768.000
359	768.000
227	769.000
383	769.000
259	771.000
295	772.000
318	773.000
321	774.000
211	776.000
250	776.000
400	776.000
363	777.000
355	780.000
270	781.000
324	781.000
260	783.000
266	783.000
284	784.000
329	785.000
226	786.000
224	787.000
250	788.000
354	788.000
237	789.000
330	789.000
230	790.000
288	791.000
353	791.000
335	792.000
241	793.000
252	793.000
217	796.000
391	796.000
357	799.000
205	800.000
340	802.000
392	802.000
311	804.000
281	806.000
368	806.000
269	807.000
387	808.000
331	809.000
384	810.000
327	811.000
202	812.000
290	812.000
367	812.000
300	814.000
288	815.000
299	816.000
232	817.000
233	817.000
259	817.000
255	818.000
229	819.000
287	821.000
329	821.000
387	823.000
330	825.000
394	827.000
231	829.000
368	830.000
383	830.000
261	831.000
258	833.000
329	835.000
246	836.000
208	838.000
372	838.000
245	839.000
261	842.000
268	842.000
286	842.000
323	844.000
399	844.000
323	847.000
223	848.000
209	854.000
235	854.000
344	856.000
219	859.000
242	859.000
399	859.000
247	860.000
210	863.000
281	863.000
343	863.000
272	864.000
294	864.000
375	865.000
396	867.000
258	868.000
330	868.000
201	870.000
304	871.000
389	871.000
320	872.000
364	872.000
344	874.000
399	875.000
208	878.000
223	880.000
304	883.000
364	884.000
258	885.000
326	886.000
369	886.000
294	888.000
256	890.000
303	890.000
387	890.000
392	890.000
327	891.000
208	892.000
256	893.000
217	896.000
327	898.000
284	899.000
377	899.000
327	904.000
338	904.000
281	905.000
332	905.000
315	906.000
251	907.000
281	908.000
239	909.000
251	909.000
288	910.000
344	910.000
276	911.000
375	913.000
306	914.000
283	915.000
244	919.000
267	919.000
363	919.000
207	920.000
325	920.000
296	921.000
320	921.000
349	921.000
384	921.000
219	922.000
292	923.000
343	923.000
262	924.000
267	924.000
368	924.000
219	926.000
277	926.000
333	927.000
380	927.000
385	927.000
289	929.000
300	930.000
359	931.000
398	931.000
338	933.000
243	935.000
373	936.000
241	938.000
229	939.000
204	940.000
235	941.000
266	942.000
263	943.000
261	944.000
263	945.000
230	947.000
238	947.000
289	947.000
296	948.000
266	949.000
333	949.000
400	949.000
380	951.000
315	954.000
319	955.000
327	955.000
311	957.000
320	958.000
295	959.000
372	960.000
366	961.000
246	965.000
237	966.000
305	966.000
242	968.000
232	969.000
302	969.000
234	971.000
383	971.000
238	975.000
252	978.000
269	978.000
297	978.000
321	978.000
255	979.000
321	979.000
361	979.000
300	980.000
216	981.000
400	981.000
257	983.000
391	983.000
398	983.000
352	988.000
309	990.000
282	992.000
253	996.000
266	997.000
337	997.000
217	999.000
277	999.000
391	999.000
247	1000.000
266	1000.000
276	1001.000
215	1003.000
249	1003.000
348	1004.000
228	1005.000
352	1005.000
282	1006.000
393	1006.000
208	1007.000
203	1009.000
328	1010.000
270	1011.000
383	1011.000
205	1012.000
317	1012.000
360	1013.000
338	1014.000
367	1015.000
384	1015.000
290	1016.000
313	1016.000
270	1017.000
264	1018.000
395	1019.000
242	1020.000
270	1021.000
213	1023.000
390	1023.000
282	1024.000
383	1026.000
399	1028.000
353	1029.000
296	1031.000
296	1033.000
311	1036.000
251	1038.000
263	1038.000
227	1039.000
393	1039.000
372	1040.000
338	1041.000
366	1041.000
280	1042.000
370	1042.000
269	1044.000
316	1044.000
265	1046.000
293	1049.000
380	1050.000
254	1052.000
295	1052.000
267	1054.000
285	1055.000
260	1057.000
389	1058.000
226	1059.000
276	1059.000
286	1060.000
302	1060.000
366	1060.000
268	1061.000
281	1061.000
313	1062.000
330	1063.000
271	1064.000
378	1064.000
268	1065.000
253	1066.000
289	1066.000
329	1066.000
377	1068.000
245	1073.000
371	1073.000
360	1074.000
369	1076.000
283	1077.000
312	1078.000
376	1079.000
352	1082.000
227	1083.000
303	1085.000
282	1086.000
201	1087.000
313	1087.000
352	1088.000
295	1089.000
214	1093.000
217	1093.000
262	1093.000
291	1093.000
313	1094.000
375	1095.000
283	1096.000
310	1098.000
286	1100.000
250	1103.000
367	1104.000
375	1105.000
332	1106.000
234	1107.000
319	1107.000
341	1107.000
216	1109.000
348	1111.000
360	1111.000
377	1111.000
337	1113.000
323	1114.000
263	1115.000
206	1116.000
372	1118.000
245	1119.000
219	1120.000
337	1120.000
382	1120.000
283	1121.000
366	1121.000
214	1122.000
370	1122.000
223	1123.000
341	1127.000
346	1127.000
286	1128.000
343	1128.000
202	1130.000
229	1130.000
270	1130.000
353	1130.000
354	1130.000
301	1132.000
337	1132.000
234	1134.000
325	1134.000
202	1135.000
294	1135.000
275	1136.000
254	1137.000
289	1137.000
308	1137.000
309	1137.000
284	1138.000
214	1140.000
255	1141.000
308	1141.000
226	1142.000
270	1143.000
271	1144.000
317	1144.000
367	1144.000
204	1146.000
206	1150.000
300	1150.000
329	1151.000
294	1152.000
311	1160.000
283	1161.000
220	1163.000
221	1163.000
385	1164.000
374	1165.000
356	1167.000
328	1168.000
264	1169.000
356	1169.000
398	1170.000
295	1171.000
256	1172.000
310	1174.000
213	1178.000
219	1179.000
267	1180.000
212	1184.000
220	1184.000
352	1184.000
270	1185.000
288	1185.000
344	1185.000
229	1186.000
390	1186.000
222	1192.000
367	1192.000
272	1193.000
375	1193.000
290	1194.000
299	1194.000
305	1196.000
325	1196.000
342	1196.000
394	1196.000
224	1197.000
340	1197.000
374	1197.000
255	1198.000
375	1199.000
326	1200.000
382	1203.000
216	1204.000
222	1205.000
228	1205.000
284	1206.000
344	1208.000
379	1210.000
388	1210.000
327	1211.000
393	1211.000
356	1215.000
301	1220.000
309	1220.000
350	1220.000
393	1220.000
240	1222.000
259	1222.000
263	1222.000
347	1222.000
205	1223.000
339	1223.000
355	1224.000
375	1224.000
256	1225.000
255	1226.000
271	1226.000
277	1226.000
202	1227.000
254	1227.000
296	1232.000
316	1235.000
268	1236.000
316	1237.000
340	1238.000
318	1244.000
289	1245.000
249	1246.000
263	1246.000
310	1246.000
311	1246.000
314	1246.000
317	1246.000
347	1246.000
273	1247.000
253	1248.000
343	1250.000
270	1251.000
273	1252.000
249	1253.000
264	1253.000
323	1253.000
221	1254.000
231	1254.000
248	1255.000
395	1256.000
212	1259.000
245	1260.000
268	1260.000
245	1261.000
347	1261.000
396	1261.000
348	1263.000
363	1264.000
277	1266.000
373	1267.000
232	1268.000
250	1268.000
355	1268.000
325	1269.000
206	1270.000
224	1271.000
309	1271.000
222	1272.000
320	1273.000
240	1274.000
295	1274.000
228	1276.000
334	1276.000
374	1276.000
296	1277.000
336	1277.000
254	1278.000
326	1278.000
336	1279.000
213	1280.000
221	1284.000
324	1285.000
352	1288.000
236	1289.000
335	1289.000
281	1290.000
209	1292.000
232	1292.000
359	1292.000
284	1293.000
244	1294.000
324	1295.000
346	1295.000
207	1296.000
280	1296.000
373	1296.000
308	1298.000
380	1300.000
202	1301.000
208	1301.000
228	1301.000
288	1301.000
330	1303.000
350	1303.000
229	1304.000
279	1305.000
329	1305.000
207	1307.000
395	1307.000
259	1308.000
378	1309.000
270	1311.000
220	1313.000
266	1315.000
274	1315.000
390	1315.000
273	1316.000
328	1316.000
292	1317.000
305	1320.000
329	1320.000
327	1321.000
346	1322.000
213	1323.000
389	1323.000
235	1325.000
279	1326.000
269	1327.000
282	1330.000
318	1330.000
323	1330.000
301	1333.000
309	1333.000
384	1334.000
235	1338.000
261	1338.000
349	1338.000
231	1341.000
282	1341.000
338	1341.000
231	1342.000
281	1343.000
317	1343.000
233	1345.000
323	1345.000
374	1345.000
394	1345.000
233	1347.000
283	1347.000
326	1347.000
290	1348.000
238	1349.000
341	1350.000
367	1350.000
383	1350.000
309	1354.000
372	1354.000
261	1356.000
354	1356.000
353	1357.000
290	1358.000
221	1359.000
400	1359.000
337	1360.000
375	1360.000
387	1362.000
213	1364.000
274	1364.000
300	1364.000
207	1366.000
252	1366.000
371	1366.000
302	1368.000
363	1368.000
362	1369.000
313	1370.000
246	1371.000
297	1371.000
341	1375.000
302	1377.000
320	1379.000
257	1380.000
292	1382.000
218	1383.000
400	1384.000
306	1386.000
346	1387.000
203	1388.000
330	1388.000
359	1389.000
211	1391.000
289	1391.000
369	1391.000
243	1393.000
358	1393.000
360	1393.000
251	1394.000
361	1394.000
204	1396.000
210	1397.000
276	1397.000
260	1399.000
313	1401.000
207	1402.000
242	1402.000
331	1403.000
252	1406.000
356	1408.000
330	1411.000
331	1412.000
201	1415.000
287	1416.000
307	1416.000
308	1421.000
348	1421.000
276	1422.000
392	1423.000
219	1424.000
259	1424.000
264	1425.000
240	1426.000
350	1427.000
334	1429.000
243	1432.000
220	1435.000
258	1436.000
320	1436.000
348	1437.000
381	1438.000
261	1439.000
203	1441.000
268	1442.000
293	1442.000
305	1443.000
335	1445.000
221	1447.000
222	1448.000
301	1448.000
394	1449.000
378	1450.000
239	1451.000
283	1451.000
225	1452.000
270	1452.000
350	1453.000
258	1456.000
299	1457.000
394	1457.000
398	1459.000
320	1461.000
309	1462.000
265	1463.000
304	1464.000
371	1464.000
358	1465.000
241	1466.000
245	1466.000
306	1466.000
224	1469.000
285	1469.000
231	1470.000
212	1473.000
330	1475.000
269	1476.000
314	1479.000
340	1479.000
397	1479.000
238	1481.000
299	1481.000
339	1482.000
224	1483.000
346	1483.000
352	1483.000
224	1486.000
314	1486.000
254	1488.000
323	1488.000
297	1490.000
251	1491.000
332	1492.000
368	1495.000
385	1495.000
318	1496.000
235	1497.000
321	1497.000
203	1498.000
308	1498.000
369	1498.000
376	1498.000
