# NEST version: 3.7.0
# RecordingBackendASCII version: 2
sender	time_ms
189	901.000
156	904.000
166	908.000
181	908.000
184	908.000
167	913.000
202	913.000
165	915.000
196	917.000
180	918.000
181	918.000
201	921.000
157	924.000
191	927.000
202	928.000
185	929.000
162	932.000
181	932.000
199	932.000
159	933.000
176	934.000
188	934.000
194	934.000
178	935.000
159	936.000
166	936.000
178	936.000
176	937.000
183	937.000
153	938.000
159	938.000
191	938.000
194	938.000
163	940.000
178	940.000
184	940.000
193	940.000
162	941.000
176	942.000
179	942.000
156	943.000
170	943.000
177	943.000
193	943.000
155	945.000
158	946.000
171	946.000
174	946.000
188	946.000
194	946.000
195	947.000
197	947.000
153	949.000
161	949.000
173	949.000
172	950.000
174	950.000
175	950.000
176	950.000
180	951.000
186	951.000
192	951.000
171	952.000
155	953.000
179	953.000
183	953.000
153	955.000
185	955.000
186	955.000
201	956.000
162	957.000
181	958.000
187	958.000
199	958.000
154	959.000
155	959.000
195	959.000
162	960.000
163	960.000
161	961.000
160	962.000
164	962.000
171	962.000
153	963.000
169	963.000
192	963.000
195	963.000
197	964.000
202	964.000
178	965.000
191	965.000
200	965.000
181	966.000
188	966.000
154	967.000
169	967.000
170	967.000
185	967.000
189	967.000
192	967.000
193	967.000
163	968.000
167	968.000
172	968.000
193	968.000
197	968.000
154	969.000
157	969.000
171	969.000
172	969.000
178	969.000
180	969.000
188	969.000
190	969.000
200	969.000
160	970.000
163	970.000
167	970.000
155	971.000
167	971.000
172	971.000
186	971.000
194	971.000
198	971.000
160	972.000
161	972.000
181	972.000
191	972.000
195	972.000
196	972.000
188	973.000
190	973.000
162	974.000
171	974.000
187	974.000
179	975.000
182	976.000
202	976.000
159	977.000
167	977.000
176	977.000
185	977.000
193	977.000
160	978.000
176	978.000
178	978.000
175	979.000
188	979.000
157	980.000
158	980.000
168	980.000
169	980.000
179	980.000
180	980.000
195	980.000
201	980.000
171	981.000
187	981.000
192	981.000
163	984.000
190	984.000
197	984.000
177	985.000
189	985.000
164	986.000
184	986.000
158	987.000
164	987.000
167	987.000
171	987.000
182	987.000
189	987.000
159	988.000
169	988.000
179	988.000
157	989.000
162	989.000
164	989.000
179	989.000
187	990.000
195	990.000
155	991.000
156	991.000
166	991.000
179	991.000
185	991.000
164	992.000
165	992.000
172	992.000
177	993.000
180	993.000
181	993.000
190	993.000
196	993.000
202	993.000
158	994.000
161	994.000
165	994.000
188	994.000
194	994.000
156	995.000
166	995.000
173	995.000
187	996.000
200	996.000
153	997.000
191	997.000
160	998.000
171	998.000
191	998.000
192	998.000
153	999.000
159	999.000
177	999.000
178	999.000
202	999.000
162	1000.000
189	1000.000
177	1001.000
178	1001.000
195	1001.000
153	1002.000
174	1002.000
190	1002.000
155	1003.000
166	1003.000
177	1003.000
200	1003.000
156	1004.000
163	1004.000
164	1004.000
154	1005.000
156	1005.000
157	1005.000
153	1006.000
157	1006.000
164	1006.000
182	1006.000
153	1007.000
165	1007.000
172	1007.000
181	1007.000
154	1008.000
156	1008.000
164	1008.000
172	1008.000
187	1008.000
200	1008.000
160	1009.000
166	1009.000
180	1010.000
183	1010.000
200	1010.000
202	1010.000
175	1011.000
184	1011.000
186	1011.000
191	1011.000
199	1011.000
155	1012.000
166	1012.000
182	1012.000
195	1012.000
153	1013.000
166	1013.000
181	1013.000
189	1013.000
155	1014.000
172	1014.000
173	1015.000
174	1015.000
179	1015.000
191	1015.000
196	1015.000
200	1015.000
160	1016.000
172	1016.000
184	1016.000
172	1017.000
197	1017.000
179	1018.000
194	1018.000
201	1018.000
157	1019.000
164	1019.000
177	1019.000
187	1019.000
189	1019.000
193	1019.000
154	1021.000
162	1021.000
166	1021.000
173	1021.000
188	1021.000
193	1021.000
195	1021.000
156	1022.000
168	1022.000
179	1022.000
194	1022.000
156	1023.000
184	1023.000
193	1023.000
194	1023.000
194	1024.000
158	1025.000
168	1025.000
197	1025.000
180	1026.000
187	1026.000
188	1026.000
193	1026.000
196	1026.000
202	1026.000
160	1027.000
176	1027.000
181	1027.000
189	1027.000
190	1027.000
197	1027.000
200	1027.000
156	1028.000
169	1028.000
183	1028.000
190	1028.000
194	1028.000
162	1029.000
164	1029.000
177	1029.000
183	1029.000
202	1029.000
155	1030.000
169	1030.000
170	1030.000
177	1030.000
191	1030.000
197	1030.000
163	1031.000
171	1031.000
181	1031.000
192	1031.000
154	1032.000
160	1032.000
163	1032.000
164	1032.000
160	1033.000
163	1033.000
153	1034.000
170	1034.000
187	1034.000
188	1034.000
191	1034.000
169	1035.000
180	1035.000
182	1035.000
160	1036.000
163	1036.000
169	1036.000
162	1037.000
170	1037.000
188	1037.000
197	1037.000
201	1037.000
161	1038.000
161	1039.000
158	1040.000
178	1040.000
162	1041.000
177	1041.000
180	1041.000
171	1042.000
180	1042.000
181	1042.000
201	1042.000
176	1043.000
197	1043.000
198	1043.000
160	1044.000
169	1044.000
154	1045.000
160	1045.000
177	1045.000
198	1045.000
156	1046.000
161	1046.000
176	1046.000
179	1046.000
183	1046.000
194	1046.000
196	1046.000
197	1046.000
156	1047.000
175	1047.000
180	1047.000
188	1047.000
191	1047.000
194	1047.000
195	1047.000
158	1048.000
182	1048.000
191	1048.000
197	1048.000
200	1048.000
153	1049.000
154	1049.000
167	1049.000
172	1049.000
174	1049.000
192	1049.000
202	1049.000
153	1050.000
169	1050.000
182	1050.000
154	1051.000
202	1051.000
164	1052.000
168	1052.000
183	1052.000
197	1052.000
161	1053.000
167	1053.000
162	1054.000
168	1054.000
179	1054.000
185	1054.000
187	1054.000
191	1054.000
195	1054.000
201	1054.000
187	1055.000
192	1055.000
199	1055.000
179	1056.000
181	1056.000
182	1056.000
183	1056.000
159	1057.000
162	1058.000
163	1058.000
170	1058.000
179	1058.000
182	1058.000
154	1059.000
193	1059.000
199	1059.000
163	1060.000
178	1060.000
192	1060.000
168	1061.000
169	1061.000
171	1061.000
184	1061.000
188	1061.000
164	1062.000
170	1062.000
176	1062.000
187	1062.000
192	1062.000
197	1062.000
198	1062.000
199	1062.000
157	1063.000
185	1063.000
189	1063.000
194	1063.000
202	1063.000
169	1064.000
190	1064.000
193	1064.000
175	1065.000
193	1065.000
156	1066.000
162	1066.000
173	1066.000
200	1066.000
159	1067.000
187	1067.000
159	1068.000
163	1068.000
202	1068.000
160	1069.000
167	1069.000
170	1069.000
174	1069.000
198	1069.000
162	1070.000
166	1070.000
169	1070.000
160	1071.000
190	1071.000
202	1071.000
185	1072.000
187	1072.000
202	1072.000
164	1073.000
195	1074.000
198	1074.000
185	1075.000
170	1076.000
175	1077.000
178	1077.000
193	1077.000
202	1077.000
186	1078.000
187	1078.000
158	1079.000
160	1079.000
171	1079.000
156	1080.000
185	1080.000
170	1081.000
173	1081.000
180	1081.000
198	1081.000
180	1082.000
154	1083.000
163	1083.000
174	1083.000
179	1083.000
194	1083.000
197	1083.000
184	1085.000
199	1085.000
199	1086.000
171	1087.000
179	1087.000
155	1088.000
173	1088.000
175	1088.000
169	1089.000
176	1089.000
192	1089.000
202	1089.000
164	1090.000
165	1090.000
166	1090.000
168	1090.000
178	1090.000
200	1090.000
159	1091.000
180	1091.000
184	1091.000
196	1092.000
162	1093.000
164	1093.000
170	1093.000
181	1093.000
167	1094.000
181	1094.000
186	1094.000
175	1095.000
159	1096.000
158	1097.000
186	1097.000
190	1097.000
192	1097.000
176	1098.000
163	1099.000
174	1099.000
184	1099.000
195	1100.000
160	1101.000
166	1101.000
161	1102.000
180	1102.000
194	1102.000
172	1103.000
188	1104.000
197	1104.000
165	1106.000
169	1107.000
179	1108.000
181	1108.000
195	1108.000
183	1109.000
160	1110.000
170	1110.000
165	1111.000
169	1113.000
171	1113.000
180	1113.000
176	1114.000
180	1115.000
190	1115.000
168	1117.000
197	1117.000
176	1118.000
196	1118.000
158	1119.000
180	1119.000
165	1121.000
180	1121.000
190	1122.000
181	1123.000
158	1124.000
185	1124.000
193	1124.000
195	1128.000
158	1129.000
197	1129.000
191	1133.000
194	1135.000
159	1136.000
178	1136.000
171	1138.000
181	1138.000
191	1138.000
201	1141.000
188	1142.000
177	1143.000
