# NEST version: 3.7.0
# RecordingBackendASCII version: 2
sender	time_ms
65	4.000
72	5.000
91	5.000
93	7.000
100	12.000
87	17.000
92	24.000
96	25.000
57	32.000
74	35.000
66	37.000
92	38.000
80	40.000
92	42.000
95	48.000
91	49.000
60	62.000
62	67.000
72	71.000
79	71.000
88	77.000
78	90.000
52	92.000
53	98.000
97	103.000
67	106.000
74	114.000
73	115.000
100	126.000
88	127.000
68	138.000
66	144.000
73	146.000
99	148.000
51	149.000
57	149.000
86	179.000
84	183.000
84	194.000
92	210.000
91	216.000
80	219.000
91	224.000
96	227.000
59	228.000
63	236.000
78	241.000
78	245.000
91	245.000
94	245.000
74	251.000
88	252.000
60	253.000
70	256.000
83	260.000
91	266.000
92	266.000
89	269.000
94	270.000
68	274.000
57	277.000
92	282.000
76	297.000
88	300.000
76	310.000
54	315.000
56	319.000
65	324.000
86	324.000
98	324.000
58	335.000
57	346.000
77	348.000
54	349.000
72	350.000
63	355.000
86	355.000
55	358.000
74	359.000
93	361.000
56	363.000
77	363.000
80	363.000
89	376.000
56	381.000
85	384.000
88	384.000
51	385.000
72	392.000
89	394.000
60	395.000
81	395.000
58	396.000
67	405.000
98	413.000
88	419.000
75	423.000
73	432.000
91	436.000
88	437.000
90	438.000
57	446.000
98	446.000
98	449.000
89	451.000
61	467.000
56	479.000
67	483.000
75	486.000
72	490.000
90	491.000
99	492.000
89	498.000
64	501.000
53	505.000
92	511.000
93	512.000
71	514.000
92	515.000
87	516.000
85	528.000
80	533.000
58	535.000
95	541.000
76	543.000
100	544.000
97	545.000
98	549.000
82	552.000
86	558.000
55	559.000
64	571.000
52	574.000
86	574.000
94	577.000
54	581.000
58	587.000
93	589.000
86	590.000
62	594.000
78	599.000
88	607.000
95	609.000
59	620.000
92	620.000
53	626.000
97	636.000
62	639.000
98	642.000
64	647.000
75	653.000
90	657.000
64	658.000
70	663.000
54	664.000
85	666.000
95	666.000
80	672.000
84	676.000
66	678.000
91	678.000
88	679.000
51	682.000
77	687.000
70	691.000
64	692.000
86	694.000
91	700.000
68	701.000
74	702.000
52	705.000
64	714.000
87	715.000
58	716.000
78	717.000
77	722.000
57	725.000
78	729.000
79	730.000
94	731.000
81	734.000
83	738.000
92	749.000
100	751.000
56	759.000
95	759.000
65	772.000
94	778.000
76	782.000
67	783.000
95	784.000
57	797.000
64	799.000
52	802.000
64	802.000
59	804.000
95	804.000
99	806.000
93	818.000
78	831.000
94	835.000
51	837.000
83	840.000
96	842.000
68	853.000
79	860.000
65	862.000
58	864.000
51	870.000
67	870.000
68	870.000
81	870.000
65	874.000
59	875.000
82	881.000
54	884.000
79	890.000
93	892.000
90	896.000
73	898.000
89	902.000
79	910.000
56	912.000
66	917.000
70	917.000
87	917.000
69	926.000
69	927.000
54	930.000
51	944.000
61	947.000
55	948.000
68	948.000
76	948.000
57	950.000
61	951.000
66	954.000
96	954.000
53	956.000
51	958.000
75	960.000
62	962.000
90	967.000
89	969.000
68	973.000
71	981.000
87	981.000
81	985.000
54	992.000
82	992.000
76	994.000
95	995.000
53	1002.000
71	1003.000
71	1009.000
74	1013.000
83	1016.000
76	1027.000
79	1028.000
57	1034.000
100	1037.000
72	1038.000
70	1041.000
87	1041.000
55	1042.000
94	1044.000
90	1048.000
56	1049.000
81	1051.000
90	1057.000
93	1057.000
96	1062.000
62	1064.000
53	1071.000
85	1072.000
53	1081.000
94	1086.000
72	1089.000
64	1093.000
82	1098.000
73	1100.000
66	1102.000
92	1102.000
63	1108.000
91	1108.000
54	1111.000
83	1116.000
66	1117.000
83	1120.000
83	1121.000
98	1131.000
52	1135.000
53	1139.000
69	1140.000
98	1172.000
76	1176.000
56	1183.000
97	1183.000
94	1186.000
99	1192.000
100	1196.000
56	1198.000
67	1205.000
94	1205.000
53	1206.000
57	1212.000
79	1220.000
80	1222.000
100	1235.000
83	1236.000
94	1247.000
88	1251.000
69	1255.000
63	1257.000
99	1258.000
96	1259.000
95	1260.000
92	1266.000
59	1267.000
64	1268.000
69	1273.000
88	1275.000
71	1285.000
69	1286.000
96	1289.000
51	1292.000
91	1292.000
94	1292.000
74	1296.000
87	1296.000
89	1300.000
92	1300.000
68	1301.000
90	1306.000
99	1320.000
87	1322.000
54	1327.000
83	1330.000
99	1330.000
85	1337.000
97	1338.000
97	1344.000
80	1361.000
87	1361.000
84	1365.000
57	1369.000
68	1369.000
63	1374.000
68	1376.000
68	1378.000
88	1379.000
84	1383.000
60	1388.000
62	1392.000
86	1392.000
71	1393.000
91	1393.000
90	1396.000
79	1397.000
85	1404.000
96	1405.000
80	1408.000
58	1409.000
66	1409.000
54	1413.000
54	1415.000
83	1418.000
80	1421.000
59	1431.000
71	1432.000
60	1433.000
98	1438.000
98	1439.000
63	1444.000
94	1445.000
70	1453.000
99	1458.000
78	1466.000
99	1478.000
92	1485.000
64	1488.000
97	1489.000
