# NEST version: 3.7.0
# RecordingBackendASCII version: 2
sender	time_ms
181	653.000
182	660.000
188	660.000
168	662.000
167	663.000
156	664.000
179	664.000
191	665.000
161	666.000
200	670.000
153	672.000
168	672.000
201	672.000
160	674.000
168	674.000
165	675.000
194	675.000
166	676.000
171	676.000
153	678.000
179	678.000
192	678.000
201	678.000
160	679.000
177	679.000
155	681.000
174	681.000
184	681.000
163	682.000
173	682.000
166	683.000
164	685.000
177	685.000
190	685.000
198	685.000
178	686.000
156	687.000
176	687.000
189	687.000
189	689.000
196	689.000
192	690.000
162	692.000
168	692.000
171	692.000
172	692.000
199	693.000
175	694.000
177	694.000
197	694.000
167	695.000
181	695.000
192	695.000
171	696.000
159	697.000
178	697.000
189	697.000
168	698.000
179	698.000
196	698.000
153	699.000
166	699.000
188	699.000
189	699.000
158	700.000
165	700.000
185	700.000
176	701.000
178	701.000
183	701.000
185	701.000
173	702.000
185	702.000
192	702.000
163	703.000
175	703.000
190	703.000
197	703.000
198	703.000
164	704.000
178	706.000
192	706.000
159	707.000
162	707.000
175	707.000
177	707.000
185	707.000
191	708.000
159	709.000
169	709.000
184	709.000
195	709.000
153	710.000
160	710.000
173	710.000
183	710.000
192	710.000
201	710.000
189	711.000
196	711.000
180	712.000
199	713.000
181	714.000
184	714.000
185	714.000
193	715.000
195	716.000
171	717.000
173	717.000
177	717.000
186	717.000
155	718.000
172	718.000
177	718.000
178	718.000
190	718.000
198	718.000
155	719.000
169	719.000
177	719.000
183	719.000
190	719.000
194	719.000
167	720.000
172	720.000
157	721.000
162	721.000
167	721.000
175	721.000
179	721.000
199	721.000
153	722.000
163	722.000
164	722.000
186	722.000
192	722.000
194	722.000
195	722.000
164	723.000
165	723.000
168	723.000
172	723.000
182	723.000
185	723.000
201	723.000
156	724.000
157	724.000
162	724.000
180	724.000
198	724.000
153	725.000
156	725.000
160	725.000
167	725.000
169	725.000
171	725.000
195	725.000
181	726.000
198	726.000
202	726.000
156	727.000
175	727.000
176	727.000
192	727.000
198	727.000
167	728.000
187	728.000
163	729.000
170	729.000
171	729.000
176	729.000
177	729.000
179	729.000
194	729.000
166	730.000
170	730.000
172	730.000
181	730.000
184	730.000
197	730.000
153	731.000
166	731.000
189	731.000
199	731.000
201	731.000
202	731.000
155	732.000
161	732.000
155	733.000
172	733.000
180	733.000
187	733.000
190	733.000
168	734.000
175	734.000
176	734.000
179	734.000
166	735.000
168	735.000
171	735.000
175	735.000
198	735.000
202	735.000
165	736.000
170	736.000
171	736.000
188	736.000
167	737.000
188	737.000
202	737.000
153	738.000
171	738.000
185	738.000
190	738.000
198	738.000
157	739.000
170	739.000
178	739.000
183	739.000
194	739.000
200	739.000
161	740.000
175	740.000
181	740.000
200	740.000
155	741.000
165	741.000
166	741.000
168	741.000
189	741.000
195	741.000
201	741.000
159	742.000
171	742.000
155	743.000
160	743.000
166	743.000
179	743.000
197	743.000
198	743.000
199	743.000
200	743.000
157	744.000
158	744.000
161	744.000
164	744.000
167	744.000
188	744.000
170	745.000
193	745.000
199	745.000
155	746.000
167	746.000
171	746.000
179	746.000
184	746.000
194	746.000
197	746.000
198	746.000
200	746.000
174	747.000
179	747.000
199	747.000
157	748.000
174	748.000
185	748.000
200	748.000
168	749.000
183	749.000
194	749.000
159	750.000
175	751.000
180	751.000
182	751.000
198	751.000
159	752.000
160	752.000
171	752.000
182	752.000
155	753.000
157	753.000
159	753.000
168	753.000
189	753.000
163	754.000
169	754.000
170	754.000
184	754.000
168	755.000
186	755.000
189	755.000
196	755.000
168	756.000
170	756.000
171	756.000
187	756.000
200	756.000
158	757.000
159	757.000
167	757.000
168	757.000
176	757.000
189	757.000
199	757.000
202	757.000
168	758.000
198	758.000
201	758.000
158	759.000
172	759.000
181	759.000
187	759.000
192	759.000
194	759.000
199	759.000
154	760.000
156	760.000
160	760.000
162	760.000
190	760.000
195	760.000
158	761.000
180	761.000
182	761.000
185	761.000
194	762.000
166	763.000
177	763.000
178	763.000
184	763.000
185	763.000
198	763.000
158	764.000
160	764.000
186	764.000
197	764.000
158	765.000
159	765.000
172	765.000
188	765.000
191	765.000
201	765.000
170	766.000
181	766.000
185	766.000
189	766.000
199	766.000
161	767.000
199	767.000
202	767.000
156	768.000
168	768.000
180	768.000
157	769.000
161	769.000
184	769.000
193	769.000
199	769.000
153	770.000
166	770.000
167	770.000
186	770.000
188	770.000
189	770.000
196	770.000
197	770.000
165	771.000
174	771.000
186	771.000
193	771.000
195	771.000
164	772.000
167	772.000
169	772.000
178	772.000
179	772.000
182	772.000
184	772.000
188	772.000
197	772.000
200	772.000
154	773.000
156	773.000
164	773.000
166	773.000
175	773.000
184	773.000
195	773.000
199	773.000
201	773.000
161	774.000
166	774.000
184	774.000
153	775.000
169	775.000
184	775.000
186	775.000
187	775.000
188	775.000
153	776.000
156	776.000
158	776.000
162	776.000
167	776.000
169	776.000
170	776.000
173	776.000
188	776.000
191	776.000
198	776.000
155	777.000
178	777.000
185	777.000
202	777.000
159	778.000
172	778.000
188	778.000
196	778.000
159	779.000
175	779.000
177	779.000
178	779.000
179	779.000
181	779.000
186	779.000
187	779.000
194	779.000
198	779.000
178	780.000
180	780.000
182	780.000
192	780.000
196	780.000
199	780.000
201	780.000
193	781.000
175	782.000
180	782.000
163	783.000
171	783.000
199	783.000
159	784.000
170	784.000
197	784.000
163	785.000
165	785.000
170	785.000
163	786.000
165	786.000
178	786.000
179	786.000
184	786.000
190	786.000
199	786.000
153	787.000
158	787.000
162	787.000
179	787.000
181	787.000
183	787.000
193	787.000
156	788.000
172	788.000
198	788.000
200	788.000
166	789.000
171	789.000
182	789.000
161	790.000
179	790.000
181	790.000
190	790.000
153	791.000
158	791.000
166	791.000
167	791.000
178	791.000
184	791.000
192	791.000
199	791.000
154	792.000
156	792.000
157	792.000
159	792.000
167	792.000
169	792.000
171	792.000
172	792.000
178	792.000
189	792.000
190	792.000
193	792.000
202	792.000
194	793.000
195	793.000
169	794.000
191	794.000
183	795.000
153	796.000
154	796.000
158	796.000
184	796.000
188	796.000
194	796.000
200	796.000
156	797.000
162	797.000
170	797.000
182	797.000
190	797.000
198	797.000
157	798.000
166	798.000
170	798.000
177	798.000
190	798.000
200	798.000
159	799.000
155	800.000
157	800.000
159	800.000
176	800.000
198	800.000
154	801.000
159	801.000
161	801.000
172	801.000
175	801.000
153	802.000
155	802.000
156	802.000
158	802.000
161	802.000
183	802.000
187	802.000
199	802.000
200	802.000
153	803.000
156	803.000
162	803.000
169	803.000
187	803.000
198	803.000
165	804.000
178	804.000
180	804.000
182	804.000
199	804.000
153	805.000
170	805.000
177	805.000
186	805.000
194	805.000
201	805.000
166	806.000
167	806.000
169	806.000
172	806.000
182	806.000
185	806.000
187	806.000
189	806.000
198	806.000
199	806.000
157	807.000
161	807.000
164	807.000
177	807.000
191	807.000
194	807.000
202	807.000
153	808.000
154	808.000
157	809.000
172	809.000
185	809.000
188	809.000
154	810.000
179	810.000
182	810.000
189	810.000
193	810.000
199	810.000
202	810.000
153	811.000
155	811.000
164	811.000
174	811.000
175	811.000
177	811.000
178	811.000
202	811.000
167	812.000
171	812.000
200	812.000
153	813.000
158	813.000
171	813.000
181	813.000
190	813.000
193	813.000
194	813.000
196	813.000
157	814.000
161	814.000
168	814.000
171	814.000
200	814.000
201	814.000
164	815.000
178	815.000
184	815.000
157	817.000
170	817.000
178	817.000
194	817.000
173	818.000
174	818.000
176	818.000
178	818.000
190	818.000
193	818.000
195	818.000
157	819.000
177	819.000
192	819.000
193	819.000
200	819.000
159	820.000
161	820.000
173	820.000
183	820.000
193	820.000
202	820.000
173	821.000
176	821.000
189	821.000
196	821.000
169	822.000
167	823.000
184	823.000
193	823.000
162	824.000
172	824.000
176	824.000
187	824.000
191	824.000
193	824.000
160	825.000
174	825.000
184	825.000
196	825.000
189	826.000
190	826.000
196	826.000
171	827.000
173	827.000
175	827.000
179	827.000
182	827.000
190	827.000
194	827.000
170	828.000
171	828.000
177	828.000
177	829.000
181	829.000
198	829.000
202	829.000
154	830.000
157	830.000
160	830.000
165	830.000
167	830.000
191	830.000
157	831.000
172	831.000
173	831.000
185	832.000
194	832.000
158	833.000
174	833.000
182	833.000
186	834.000
153	835.000
158	835.000
159	835.000
161	835.000
170	835.000
179	835.000
200	835.000
156	836.000
168	836.000
156	837.000
175	837.000
178	837.000
186	837.000
159	838.000
170	838.000
154	839.000
156	839.000
194	839.000
196	839.000
202	839.000
184	840.000
191	840.000
164	841.000
167	841.000
181	841.000
185	841.000
163	842.000
182	842.000
198	842.000
200	842.000
168	843.000
179	843.000
180	843.000
184	843.000
187	843.000
188	843.000
196	843.000
174	844.000
159	845.000
167	845.000
189	846.000
191	846.000
197	846.000
164	847.000
174	847.000
176	847.000
160	848.000
167	848.000
171	848.000
202	848.000
165	849.000
170	849.000
185	849.000
191	849.000
162	850.000
175	850.000
167	851.000
161	853.000
163	853.000
156	854.000
177	854.000
194	854.000
163	855.000
168	855.000
192	855.000
196	855.000
160	856.000
176	856.000
185	856.000
187	856.000
197	856.000
202	856.000
200	857.000
166	859.000
168	859.000
177	859.000
185	859.000
189	859.000
158	860.000
172	860.000
178	860.000
179	860.000
202	860.000
154	861.000
189	861.000
154	862.000
157	862.000
168	862.000
182	863.000
197	863.000
201	863.000
161	864.000
154	865.000
171	865.000
184	865.000
190	865.000
199	866.000
202	866.000
184	868.000
189	868.000
174	869.000
179	869.000
202	869.000
159	870.000
175	870.000
184	871.000
198	871.000
173	872.000
185	872.000
202	872.000
182	873.000
200	873.000
198	875.000
158	876.000
160	876.000
193	876.000
189	877.000
161	878.000
161	879.000
176	879.000
195	879.000
196	879.000
198	879.000
172	880.000
164	881.000
178	882.000
189	883.000
194	883.000
157	885.000
197	886.000
171	888.000
163	892.000
194	892.000
190	893.000
177	894.000
