# NEST version: 3.7.0
# RecordingBackendASCII version: 2
sender	time_ms
65	4.000
72	5.000
91	5.000
93	7.000
100	12.000
87	17.000
92	24.000
96	25.000
57	32.000
74	35.000
66	37.000
92	38.000
80	40.000
92	42.000
95	48.000
91	49.000
60	62.000
62	67.000
72	71.000
79	71.000
88	77.000
78	90.000
52	92.000
53	98.000
97	103.000
67	106.000
74	114.000
73	115.000
92	127.000
65	136.000
90	138.000
58	143.000
93	144.000
74	149.000
80	149.000
64	151.000
78	152.000
56	163.000
61	163.000
84	175.000
82	183.000
95	194.000
58	211.000
71	213.000
100	219.000
63	223.000
63	227.000
89	228.000
59	231.000
70	233.000
86	236.000
99	241.000
93	245.000
63	246.000
86	251.000
97	252.000
66	253.000
71	256.000
74	260.000
97	262.000
61	266.000
62	266.000
85	268.000
61	269.000
81	269.000
65	270.000
83	275.000
62	282.000
95	287.000
83	296.000
97	301.000
89	303.000
54	305.000
86	305.000
78	307.000
94	325.000
95	325.000
71	330.000
78	330.000
52	340.000
61	345.000
66	347.000
65	352.000
66	353.000
83	356.000
76	364.000
100	376.000
85	381.000
72	383.000
68	385.000
72	387.000
70	394.000
90	397.000
66	398.000
53	399.000
64	408.000
61	409.000
86	411.000
96	411.000
65	412.000
60	417.000
71	418.000
59	422.000
59	425.000
94	427.000
74	434.000
64	440.000
59	441.000
85	443.000
70	449.000
72	454.000
64	457.000
65	461.000
94	475.000
53	476.000
85	481.000
67	482.000
83	483.000
75	484.000
51	488.000
86	488.000
51	489.000
64	500.000
97	507.000
62	508.000
66	508.000
95	511.000
66	512.000
51	513.000
59	513.000
58	514.000
63	514.000
69	515.000
59	520.000
79	529.000
68	541.000
54	544.000
100	549.000
63	550.000
96	552.000
57	554.000
92	558.000
64	570.000
69	576.000
90	577.000
94	578.000
92	585.000
94	585.000
100	586.000
93	587.000
65	593.000
82	606.000
90	607.000
53	609.000
85	610.000
61	612.000
82	613.000
69	617.000
66	620.000
51	623.000
86	628.000
93	629.000
60	630.000
71	634.000
57	636.000
89	636.000
97	636.000
86	639.000
70	641.000
94	652.000
53	654.000
52	655.000
52	657.000
58	663.000
53	669.000
77	670.000
66	672.000
100	676.000
79	680.000
83	689.000
71	690.000
90	692.000
77	698.000
59	700.000
70	707.000
74	708.000
78	709.000
51	713.000
90	720.000
81	722.000
73	724.000
80	726.000
94	735.000
91	737.000
77	738.000
51	747.000
90	747.000
54	749.000
55	750.000
91	750.000
99	754.000
55	758.000
78	773.000
94	773.000
68	774.000
97	774.000
99	780.000
93	790.000
61	792.000
88	794.000
57	806.000
100	822.000
77	827.000
58	828.000
99	829.000
90	830.000
65	835.000
76	838.000
66	847.000
68	851.000
96	851.000
90	856.000
72	859.000
57	860.000
95	871.000
53	875.000
56	875.000
58	879.000
58	882.000
52	885.000
88	893.000
72	899.000
68	902.000
65	906.000
67	906.000
82	906.000
95	906.000
58	912.000
80	915.000
84	915.000
66	919.000
62	927.000
64	930.000
88	935.000
87	936.000
75	946.000
87	955.000
57	959.000
86	968.000
55	970.000
75	981.000
64	985.000
61	986.000
87	991.000
55	995.000
57	995.000
95	996.000
59	999.000
53	1000.000
84	1020.000
94	1020.000
96	1021.000
77	1022.000
100	1027.000
78	1035.000
88	1035.000
89	1037.000
69	1038.000
76	1038.000
90	1038.000
87	1040.000
62	1046.000
89	1046.000
98	1046.000
97	1052.000
100	1052.000
88	1054.000
90	1057.000
100	1061.000
95	1064.000
85	1066.000
83	1069.000
70	1073.000
80	1076.000
63	1079.000
81	1079.000
84	1079.000
79	1085.000
93	1086.000
57	1087.000
61	1087.000
63	1094.000
74	1097.000
56	1102.000
95	1102.000
75	1110.000
66	1111.000
64	1121.000
54	1123.000
63	1124.000
77	1124.000
64	1125.000
66	1125.000
67	1127.000
97	1129.000
67	1130.000
65	1136.000
85	1136.000
76	1142.000
85	1148.000
52	1150.000
94	1150.000
90	1152.000
91	1162.000
89	1167.000
96	1181.000
80	1184.000
74	1185.000
75	1186.000
99	1186.000
65	1189.000
98	1190.000
83	1195.000
60	1205.000
94	1206.000
80	1212.000
62	1213.000
71	1213.000
81	1215.000
94	1220.000
55	1228.000
57	1232.000
87	1233.000
57	1236.000
54	1237.000
82	1238.000
91	1243.000
97	1246.000
100	1250.000
74	1251.000
66	1268.000
53	1277.000
71	1279.000
79	1283.000
76	1290.000
82	1290.000
80	1292.000
78	1307.000
76	1313.000
92	1317.000
66	1325.000
72	1328.000
74	1329.000
97	1332.000
97	1334.000
100	1337.000
86	1338.000
61	1343.000
99	1345.000
60	1347.000
86	1352.000
73	1358.000
92	1361.000
96	1361.000
99	1361.000
99	1369.000
53	1370.000
89	1370.000
59	1373.000
74	1373.000
92	1381.000
88	1390.000
96	1395.000
55	1396.000
86	1399.000
63	1400.000
71	1400.000
99	1407.000
94	1408.000
63	1411.000
94	1416.000
64	1418.000
52	1423.000
92	1432.000
78	1433.000
87	1434.000
74	1444.000
59	1447.000
82	1451.000
96	1451.000
61	1452.000
94	1454.000
78	1460.000
68	1461.000
80	1472.000
90	1473.000
98	1480.000
81	1485.000
97	1496.000
78	1497.000
55	1498.000
86	1498.000
89	1498.000
