# NEST version: 3.7.0
# RecordingBackendASCII version: 2
sender	time_ms
147	908.000
109	912.000
111	912.000
151	914.000
122	915.000
107	916.000
103	917.000
149	919.000
113	920.000
152	920.000
138	921.000
107	923.000
113	923.000
125	923.000
116	924.000
115	925.000
122	925.000
125	925.000
130	925.000
130	926.000
118	927.000
106	928.000
121	929.000
137	930.000
125	931.000
109	932.000
111	932.000
126	932.000
129	932.000
137	932.000
146	933.000
137	934.000
147	934.000
109	935.000
117	935.000
119	935.000
113	936.000
140	936.000
144	936.000
148	936.000
104	937.000
131	937.000
138	937.000
143	937.000
124	938.000
108	939.000
113	939.000
120	939.000
136	939.000
137	939.000
123	940.000
122	941.000
146	941.000
151	941.000
112	942.000
122	942.000
129	942.000
151	942.000
111	943.000
118	943.000
123	943.000
125	943.000
136	943.000
142	943.000
147	943.000
148	943.000
117	944.000
129	944.000
117	945.000
143	945.000
151	945.000
121	946.000
123	946.000
130	946.000
129	947.000
141	947.000
152	947.000
149	948.000
110	949.000
136	949.000
106	950.000
107	950.000
128	950.000
142	950.000
146	950.000
114	951.000
148	951.000
103	952.000
113	952.000
106	953.000
129	953.000
152	953.000
107	954.000
108	954.000
149	954.000
123	955.000
127	955.000
135	955.000
138	955.000
146	955.000
103	956.000
109	956.000
146	956.000
149	956.000
151	956.000
104	957.000
111	957.000
151	957.000
104	958.000
113	958.000
151	958.000
152	958.000
114	959.000
116	959.000
151	959.000
116	960.000
124	960.000
144	960.000
109	961.000
114	961.000
130	962.000
133	962.000
141	962.000
148	962.000
109	963.000
113	963.000
117	963.000
143	963.000
103	964.000
110	964.000
137	964.000
144	964.000
111	965.000
127	965.000
131	965.000
133	965.000
140	965.000
141	965.000
127	966.000
132	966.000
133	966.000
139	966.000
105	967.000
106	967.000
116	967.000
128	967.000
136	967.000
104	968.000
120	968.000
129	968.000
138	968.000
149	968.000
104	969.000
113	969.000
123	969.000
126	969.000
140	969.000
143	969.000
121	970.000
128	970.000
132	970.000
116	971.000
120	971.000
123	971.000
124	971.000
104	972.000
108	972.000
113	972.000
134	972.000
137	972.000
106	973.000
109	973.000
123	973.000
124	973.000
129	973.000
131	973.000
139	973.000
141	973.000
151	973.000
104	974.000
107	974.000
126	974.000
129	974.000
133	974.000
131	975.000
143	975.000
148	975.000
148	976.000
104	977.000
141	977.000
151	977.000
110	978.000
116	978.000
135	978.000
142	978.000
149	978.000
104	979.000
110	979.000
112	979.000
115	979.000
107	980.000
123	980.000
136	980.000
150	980.000
119	981.000
130	981.000
131	981.000
139	981.000
144	981.000
151	981.000
105	982.000
110	982.000
115	982.000
118	982.000
120	982.000
128	982.000
131	982.000
140	982.000
105	983.000
137	983.000
145	983.000
152	983.000
111	984.000
136	984.000
152	984.000
108	985.000
113	985.000
123	985.000
124	985.000
140	985.000
145	985.000
146	985.000
148	985.000
103	986.000
104	986.000
140	986.000
141	986.000
142	986.000
127	987.000
137	987.000
146	987.000
135	988.000
105	989.000
128	989.000
132	989.000
139	989.000
142	989.000
148	989.000
150	989.000
104	990.000
130	990.000
145	990.000
150	990.000
114	991.000
124	991.000
126	991.000
129	991.000
133	991.000
149	991.000
137	992.000
147	992.000
108	993.000
111	993.000
116	993.000
122	993.000
140	993.000
143	993.000
152	993.000
103	994.000
104	994.000
105	994.000
106	994.000
109	994.000
131	994.000
140	994.000
148	994.000
151	994.000
112	995.000
113	995.000
128	995.000
137	995.000
141	995.000
150	995.000
106	996.000
134	996.000
145	996.000
109	997.000
111	997.000
120	997.000
137	997.000
147	997.000
113	998.000
145	998.000
110	999.000
115	999.000
117	999.000
137	999.000
141	999.000
146	999.000
114	1000.000
128	1000.000
136	1000.000
137	1000.000
149	1000.000
150	1000.000
103	1001.000
108	1001.000
125	1001.000
103	1002.000
112	1002.000
136	1002.000
140	1002.000
146	1002.000
104	1003.000
107	1003.000
110	1003.000
120	1003.000
128	1003.000
142	1003.000
118	1004.000
125	1004.000
129	1004.000
132	1004.000
152	1004.000
127	1005.000
137	1005.000
145	1005.000
149	1005.000
105	1006.000
129	1006.000
130	1006.000
138	1006.000
141	1006.000
149	1006.000
121	1007.000
133	1007.000
140	1007.000
141	1007.000
146	1007.000
105	1008.000
106	1008.000
113	1008.000
122	1008.000
134	1008.000
142	1008.000
107	1009.000
110	1009.000
115	1009.000
105	1010.000
109	1010.000
112	1010.000
117	1010.000
125	1010.000
132	1010.000
137	1010.000
134	1011.000
147	1011.000
103	1012.000
105	1012.000
107	1012.000
118	1012.000
125	1012.000
146	1012.000
103	1013.000
105	1013.000
115	1013.000
120	1013.000
147	1013.000
116	1014.000
120	1014.000
122	1014.000
141	1014.000
142	1014.000
151	1014.000
108	1015.000
110	1015.000
116	1015.000
141	1015.000
147	1015.000
115	1016.000
125	1016.000
126	1016.000
138	1016.000
143	1016.000
134	1017.000
137	1017.000
108	1018.000
115	1018.000
124	1018.000
126	1018.000
114	1019.000
115	1019.000
132	1019.000
104	1020.000
108	1020.000
115	1020.000
117	1020.000
134	1020.000
135	1020.000
144	1020.000
146	1020.000
150	1020.000
152	1020.000
109	1021.000
112	1021.000
114	1021.000
123	1021.000
125	1021.000
132	1021.000
146	1021.000
148	1021.000
151	1021.000
110	1022.000
114	1022.000
152	1022.000
125	1023.000
129	1023.000
134	1023.000
135	1023.000
151	1023.000
105	1024.000
108	1024.000
127	1024.000
151	1024.000
104	1025.000
119	1025.000
137	1025.000
148	1025.000
103	1026.000
112	1026.000
132	1026.000
133	1026.000
147	1026.000
152	1026.000
118	1027.000
143	1027.000
149	1027.000
104	1028.000
112	1028.000
117	1028.000
121	1028.000
128	1028.000
140	1028.000
141	1028.000
134	1029.000
140	1029.000
151	1029.000
123	1030.000
125	1030.000
134	1030.000
129	1031.000
137	1031.000
143	1031.000
146	1031.000
149	1031.000
104	1032.000
115	1032.000
118	1032.000
125	1032.000
133	1032.000
145	1032.000
149	1032.000
152	1032.000
105	1033.000
107	1033.000
108	1033.000
109	1033.000
112	1033.000
138	1033.000
145	1033.000
151	1033.000
104	1034.000
124	1034.000
137	1034.000
146	1034.000
105	1035.000
109	1035.000
114	1035.000
127	1035.000
133	1035.000
121	1036.000
135	1036.000
140	1036.000
146	1036.000
149	1036.000
150	1036.000
151	1036.000
132	1037.000
138	1037.000
146	1037.000
151	1037.000
109	1038.000
111	1038.000
112	1038.000
124	1038.000
143	1038.000
149	1038.000
103	1039.000
108	1039.000
110	1039.000
123	1039.000
139	1039.000
124	1040.000
125	1040.000
111	1041.000
126	1041.000
127	1041.000
129	1041.000
140	1041.000
152	1041.000
114	1042.000
119	1042.000
121	1042.000
139	1042.000
119	1043.000
120	1043.000
122	1043.000
103	1044.000
105	1044.000
152	1044.000
104	1045.000
136	1045.000
145	1045.000
116	1046.000
119	1046.000
136	1046.000
140	1046.000
141	1046.000
146	1046.000
148	1046.000
114	1047.000
115	1047.000
145	1047.000
149	1047.000
110	1048.000
111	1048.000
114	1048.000
122	1048.000
152	1048.000
121	1049.000
126	1049.000
130	1049.000
132	1049.000
142	1049.000
104	1050.000
112	1050.000
114	1050.000
104	1051.000
141	1051.000
142	1051.000
145	1051.000
103	1052.000
106	1052.000
107	1052.000
115	1052.000
119	1052.000
132	1052.000
140	1052.000
142	1052.000
152	1052.000
110	1053.000
112	1053.000
121	1053.000
127	1053.000
130	1053.000
143	1053.000
106	1054.000
120	1054.000
125	1054.000
127	1054.000
145	1054.000
148	1054.000
106	1055.000
119	1055.000
135	1055.000
147	1055.000
107	1056.000
109	1056.000
122	1056.000
124	1056.000
127	1056.000
130	1056.000
145	1056.000
108	1057.000
109	1057.000
131	1057.000
145	1057.000
152	1057.000
104	1058.000
114	1058.000
118	1058.000
109	1059.000
116	1059.000
134	1059.000
130	1060.000
141	1060.000
142	1060.000
147	1060.000
115	1061.000
117	1061.000
131	1061.000
133	1061.000
134	1061.000
144	1061.000
146	1061.000
134	1062.000
135	1062.000
144	1062.000
117	1063.000
118	1063.000
128	1063.000
129	1063.000
150	1063.000
103	1064.000
106	1064.000
122	1064.000
123	1064.000
152	1064.000
113	1065.000
114	1065.000
132	1065.000
133	1065.000
105	1066.000
123	1066.000
133	1066.000
136	1066.000
143	1066.000
146	1066.000
140	1067.000
149	1067.000
120	1068.000
128	1068.000
150	1068.000
114	1069.000
140	1069.000
142	1069.000
145	1069.000
111	1070.000
127	1070.000
128	1070.000
129	1070.000
143	1070.000
144	1070.000
147	1070.000
148	1070.000
137	1071.000
144	1071.000
109	1072.000
133	1072.000
140	1072.000
151	1072.000
116	1073.000
118	1073.000
136	1073.000
147	1073.000
107	1074.000
115	1074.000
110	1075.000
112	1075.000
116	1075.000
118	1075.000
125	1075.000
129	1075.000
132	1075.000
134	1075.000
142	1075.000
124	1076.000
136	1076.000
143	1076.000
112	1077.000
121	1077.000
122	1077.000
136	1077.000
103	1078.000
104	1078.000
106	1078.000
115	1078.000
148	1078.000
144	1079.000
148	1079.000
121	1080.000
143	1080.000
118	1081.000
128	1081.000
120	1082.000
129	1082.000
150	1082.000
110	1083.000
115	1083.000
135	1083.000
110	1084.000
120	1084.000
120	1085.000
127	1085.000
145	1085.000
151	1085.000
107	1086.000
109	1086.000
114	1086.000
118	1086.000
121	1086.000
143	1086.000
104	1087.000
108	1087.000
110	1087.000
141	1087.000
103	1088.000
107	1088.000
120	1088.000
123	1088.000
124	1088.000
146	1088.000
147	1088.000
148	1088.000
103	1089.000
106	1089.000
116	1089.000
120	1089.000
139	1089.000
109	1090.000
138	1090.000
149	1090.000
109	1091.000
152	1091.000
133	1092.000
138	1092.000
113	1093.000
118	1093.000
145	1093.000
108	1095.000
112	1095.000
129	1095.000
135	1095.000
137	1095.000
136	1096.000
110	1097.000
114	1097.000
123	1097.000
119	1098.000
131	1098.000
131	1099.000
109	1100.000
118	1100.000
110	1101.000
127	1101.000
139	1101.000
109	1104.000
139	1104.000
112	1105.000
113	1105.000
125	1105.000
143	1105.000
105	1106.000
136	1106.000
112	1107.000
109	1108.000
123	1108.000
134	1108.000
105	1109.000
109	1109.000
110	1109.000
111	1109.000
119	1109.000
128	1109.000
106	1110.000
115	1110.000
144	1110.000
143	1111.000
114	1112.000
136	1113.000
129	1114.000
118	1115.000
110	1116.000
111	1117.000
118	1117.000
120	1117.000
121	1117.000
132	1117.000
112	1118.000
110	1120.000
120	1120.000
123	1120.000
133	1120.000
135	1120.000
143	1120.000
106	1121.000
112	1121.000
108	1122.000
144	1123.000
119	1124.000
146	1125.000
152	1125.000
104	1127.000
115	1127.000
124	1127.000
141	1127.000
144	1130.000
133	1131.000
110	1132.000
123	1132.000
143	1132.000
112	1133.000
118	1133.000
109	1134.000
138	1134.000
140	1134.000
127	1136.000
148	1136.000
149	1139.000
111	1141.000
125	1141.000
147	1143.000
