# NEST version: 3.7.0
# RecordingBackendASCII version: 2
sender	time_ms
1	1.000
3	1.000
11	1.000
30	1.000
32	1.000
41	1.000
43	1.000
49	1.000
3	2.000
4	2.000
16	2.000
21	2.000
22	2.000
40	2.000
50	2.000
7	3.000
8	3.000
16	3.000
21	3.000
24	3.000
1	4.000
4	4.000
5	4.000
12	4.000
32	4.000
35	4.000
36	4.000
37	4.000
48	4.000
4	5.000
16	5.000
17	5.000
18	5.000
27	5.000
43	5.000
44	5.000
12	6.000
16	6.000
19	6.000
27	6.000
30	6.000
44	6.000
48	6.000
2	7.000
21	7.000
24	7.000
27	7.000
31	7.000
34	7.000
40	7.000
46	7.000
47	7.000
1	8.000
2	8.000
3	8.000
5	8.000
9	8.000
21	8.000
38	8.000
39	8.000
43	8.000
4	9.000
14	9.000
22	9.000
35	9.000
48	9.000
50	9.000
4	10.000
8	10.000
23	10.000
29	10.000
40	10.000
45	10.000
46	10.000
17	11.000
19	11.000
27	11.000
30	11.000
40	11.000
42	11.000
50	11.000
7	12.000
21	12.000
27	12.000
44	12.000
3	13.000
4	13.000
13	13.000
18	13.000
19	13.000
21	13.000
41	13.000
43	13.000
46	13.000
47	13.000
49	13.000
50	13.000
10	14.000
26	14.000
28	14.000
39	14.000
1	15.000
9	15.000
10	15.000
29	15.000
32	15.000
34	15.000
39	15.000
8	16.000
15	16.000
17	16.000
25	16.000
32	16.000
6	17.000
8	17.000
11	17.000
14	17.000
29	17.000
42	17.000
48	17.000
50	17.000
2	18.000
5	18.000
18	18.000
26	18.000
40	18.000
5	19.000
8	19.000
10	19.000
24	19.000
29	19.000
44	19.000
3	20.000
7	20.000
9	20.000
23	20.000
38	20.000
3	21.000
28	21.000
38	21.000
41	21.000
43	21.000
45	21.000
46	21.000
48	21.000
5	22.000
11	22.000
34	22.000
40	22.000
42	22.000
11	23.000
24	23.000
29	23.000
30	23.000
34	23.000
39	23.000
1	24.000
24	24.000
26	24.000
30	24.000
31	24.000
48	24.000
50	24.000
7	25.000
11	25.000
22	25.000
26	25.000
34	25.000
43	25.000
4	26.000
6	26.000
16	26.000
18	26.000
23	26.000
27	26.000
31	26.000
34	26.000
39	26.000
7	27.000
25	27.000
27	27.000
42	27.000
47	27.000
48	27.000
50	27.000
6	28.000
8	28.000
16	28.000
23	28.000
38	28.000
44	28.000
47	28.000
49	28.000
5	29.000
33	29.000
44	29.000
45	29.000
48	29.000
15	30.000
16	30.000
25	30.000
26	30.000
28	30.000
31	30.000
37	30.000
39	30.000
7	31.000
12	31.000
23	31.000
43	31.000
29	32.000
35	32.000
39	32.000
6	33.000
10	33.000
17	33.000
21	33.000
30	33.000
39	33.000
2	34.000
5	34.000
15	34.000
18	34.000
20	34.000
21	34.000
22	34.000
28	34.000
33	34.000
49	34.000
1	35.000
5	35.000
8	35.000
20	35.000
5	36.000
7	36.000
9	36.000
10	36.000
13	36.000
27	36.000
33	36.000
37	36.000
38	36.000
44	36.000
49	36.000
3	37.000
22	37.000
32	37.000
39	37.000
40	37.000
41	37.000
43	37.000
46	37.000
2	38.000
15	38.000
32	38.000
34	38.000
39	38.000
44	38.000
8	39.000
11	39.000
14	39.000
15	39.000
22	39.000
23	39.000
31	39.000
35	39.000
38	39.000
42	39.000
45	39.000
7	40.000
8	40.000
9	40.000
13	40.000
26	40.000
35	40.000
36	40.000
37	40.000
42	40.000
4	41.000
16	41.000
25	41.000
32	41.000
45	41.000
46	41.000
2	42.000
16	42.000
17	42.000
18	42.000
6	43.000
16	43.000
17	43.000
18	43.000
19	43.000
27	43.000
29	43.000
41	43.000
8	44.000
11	44.000
18	44.000
20	44.000
40	44.000
44	44.000
8	45.000
23	45.000
25	45.000
31	45.000
33	45.000
38	45.000
47	45.000
49	45.000
13	46.000
22	46.000
39	46.000
45	46.000
46	46.000
1	47.000
8	47.000
18	47.000
22	47.000
27	47.000
41	47.000
50	47.000
18	48.000
22	48.000
30	48.000
40	48.000
45	48.000
5	49.000
7	49.000
15	49.000
25	49.000
34	49.000
39	49.000
40	49.000
41	49.000
49	49.000
5	50.000
12	50.000
14	50.000
22	50.000
34	50.000
35	50.000
38	50.000
39	50.000
48	50.000
17	51.000
23	51.000
24	51.000
34	51.000
47	51.000
48	51.000
5	52.000
8	52.000
16	52.000
28	52.000
30	52.000
37	52.000
41	52.000
43	52.000
47	52.000
2	53.000
6	53.000
9	53.000
31	53.000
39	53.000
42	53.000
45	53.000
5	54.000
19	54.000
21	54.000
23	54.000
34	54.000
37	54.000
43	54.000
4	55.000
27	55.000
30	55.000
37	55.000
40	55.000
45	55.000
46	55.000
49	55.000
50	55.000
20	56.000
23	56.000
25	56.000
29	56.000
30	57.000
34	57.000
41	57.000
3	58.000
4	58.000
11	58.000
23	58.000
27	58.000
30	58.000
34	58.000
41	58.000
10	59.000
11	59.000
22	59.000
24	59.000
25	59.000
29	59.000
7	60.000
8	60.000
13	60.000
19	60.000
20	60.000
42	60.000
45	60.000
49	60.000
7	61.000
13	61.000
14	61.000
17	61.000
20	61.000
39	61.000
2	62.000
15	62.000
17	62.000
26	62.000
30	62.000
38	62.000
39	62.000
46	62.000
47	62.000
1	63.000
3	63.000
8	63.000
10	63.000
14	63.000
15	63.000
16	63.000
26	63.000
30	63.000
46	63.000
48	63.000
11	64.000
12	64.000
21	64.000
32	64.000
33	64.000
37	64.000
45	64.000
27	65.000
30	65.000
38	65.000
40	65.000
10	66.000
16	66.000
18	66.000
29	66.000
41	66.000
49	66.000
50	66.000
7	67.000
9	67.000
11	67.000
14	67.000
22	67.000
28	67.000
45	67.000
47	67.000
15	68.000
18	68.000
25	68.000
45	68.000
48	68.000
50	68.000
4	69.000
7	69.000
22	69.000
26	69.000
27	69.000
29	69.000
30	69.000
31	69.000
34	69.000
36	69.000
37	69.000
44	69.000
46	69.000
1	70.000
3	70.000
9	70.000
10	70.000
12	70.000
15	70.000
28	70.000
40	70.000
45	70.000
46	70.000
3	71.000
6	71.000
8	71.000
9	71.000
12	71.000
13	71.000
19	71.000
20	71.000
22	71.000
24	71.000
29	71.000
35	71.000
40	71.000
42	71.000
43	71.000
47	71.000
1	72.000
5	72.000
13	72.000
14	72.000
16	72.000
20	72.000
25	72.000
28	72.000
29	72.000
34	72.000
36	72.000
38	72.000
2	73.000
3	73.000
5	73.000
6	73.000
12	73.000
19	73.000
20	73.000
23	73.000
24	73.000
4	74.000
6	74.000
10	74.000
48	74.000
50	74.000
10	75.000
14	75.000
21	75.000
23	75.000
27	75.000
31	75.000
43	75.000
46	75.000
6	76.000
26	76.000
30	76.000
32	76.000
34	76.000
35	76.000
42	76.000
45	76.000
2	77.000
6	77.000
17	77.000
32	77.000
34	77.000
38	77.000
43	77.000
46	77.000
48	77.000
49	77.000
1	78.000
3	78.000
10	78.000
17	78.000
20	78.000
25	78.000
30	78.000
32	78.000
33	78.000
46	78.000
1	79.000
20	79.000
24	79.000
36	79.000
50	79.000
6	80.000
15	80.000
35	80.000
41	80.000
44	80.000
45	80.000
47	80.000
5	81.000
10	81.000
14	81.000
17	81.000
25	81.000
26	81.000
36	81.000
41	81.000
42	81.000
20	82.000
31	82.000
36	82.000
41	82.000
43	82.000
49	82.000
7	83.000
8	83.000
11	83.000
20	83.000
24	83.000
38	83.000
44	83.000
49	83.000
4	84.000
8	84.000
12	84.000
13	84.000
17	84.000
23	84.000
26	84.000
34	84.000
36	84.000
39	84.000
48	84.000
50	84.000
5	85.000
6	85.000
9	85.000
21	85.000
25	85.000
26	85.000
27	85.000
28	85.000
32	85.000
36	85.000
40	85.000
50	85.000
1	86.000
2	86.000
3	86.000
5	86.000
14	86.000
16	86.000
19	86.000
22	86.000
24	86.000
25	86.000
32	86.000
39	86.000
47	86.000
48	86.000
17	87.000
32	87.000
37	87.000
38	87.000
41	87.000
50	87.000
6	88.000
7	88.000
8	88.000
11	88.000
13	88.000
21	88.000
24	88.000
30	88.000
39	88.000
48	88.000
49	88.000
1	89.000
30	89.000
31	89.000
41	89.000
1	90.000
12	90.000
14	90.000
27	90.000
42	90.000
47	90.000
48	90.000
4	91.000
5	91.000
7	91.000
14	91.000
17	91.000
32	91.000
41	91.000
49	91.000
5	92.000
10	92.000
16	92.000
19	92.000
38	92.000
40	92.000
49	92.000
7	93.000
21	93.000
29	93.000
33	93.000
35	93.000
36	93.000
43	93.000
44	93.000
49	93.000
50	93.000
15	94.000
17	94.000
21	94.000
22	94.000
29	94.000
32	94.000
43	94.000
44	94.000
45	94.000
47	94.000
5	95.000
11	95.000
23	95.000
30	95.000
46	95.000
3	96.000
12	96.000
18	96.000
21	96.000
23	96.000
28	96.000
29	96.000
43	96.000
44	96.000
48	96.000
5	97.000
16	97.000
19	97.000
21	97.000
22	97.000
29	97.000
42	97.000
50	97.000
16	98.000
29	98.000
33	98.000
36	98.000
38	98.000
40	98.000
45	98.000
49	98.000
20	99.000
31	99.000
33	99.000
39	99.000
42	99.000
50	99.000
1	100.000
14	100.000
16	100.000
17	100.000
28	100.000
29	100.000
35	100.000
1	101.000
2	101.000
4	101.000
8	101.000
19	101.000
21	101.000
23	101.000
24	101.000
28	101.000
29	101.000
38	101.000
48	101.000
4	102.000
9	102.000
11	102.000
17	102.000
26	102.000
28	102.000
41	102.000
50	102.000
1	103.000
12	103.000
13	103.000
14	103.000
16	103.000
21	103.000
41	103.000
42	103.000
47	103.000
49	103.000
2	104.000
13	104.000
17	104.000
25	104.000
31	104.000
36	104.000
42	104.000
49	104.000
13	105.000
18	105.000
39	105.000
47	105.000
1	106.000
6	106.000
12	106.000
17	106.000
28	106.000
38	106.000
49	106.000
50	106.000
26	107.000
27	107.000
34	107.000
3	108.000
5	108.000
15	108.000
20	108.000
23	108.000
35	108.000
36	108.000
37	108.000
42	108.000
45	108.000
46	108.000
9	109.000
14	109.000
20	109.000
35	109.000
8	110.000
17	110.000
34	110.000
42	110.000
44	110.000
2	111.000
3	111.000
6	111.000
7	111.000
14	111.000
21	111.000
24	111.000
27	111.000
29	111.000
36	111.000
37	111.000
38	111.000
41	111.000
50	111.000
2	112.000
16	112.000
21	112.000
23	112.000
32	112.000
35	112.000
36	112.000
42	112.000
44	112.000
49	112.000
3	113.000
4	113.000
9	113.000
10	113.000
15	113.000
43	113.000
5	114.000
17	114.000
21	114.000
22	114.000
23	114.000
30	114.000
39	114.000
40	114.000
42	114.000
43	114.000
47	114.000
1	115.000
6	115.000
14	115.000
17	115.000
23	115.000
29	115.000
33	115.000
5	116.000
17	116.000
19	116.000
26	116.000
36	116.000
38	116.000
44	116.000
2	117.000
8	117.000
11	117.000
13	117.000
16	117.000
6	118.000
7	118.000
11	118.000
12	118.000
17	118.000
22	118.000
26	118.000
39	118.000
44	118.000
8	119.000
9	119.000
13	119.000
14	119.000
21	119.000
24	119.000
28	119.000
31	119.000
40	119.000
41	119.000
48	119.000
49	119.000
50	119.000
10	120.000
12	120.000
25	120.000
26	120.000
37	120.000
45	120.000
50	120.000
11	121.000
17	121.000
32	121.000
36	121.000
38	121.000
42	121.000
47	121.000
6	122.000
8	122.000
11	122.000
31	122.000
37	122.000
40	122.000
42	122.000
43	122.000
47	122.000
4	123.000
10	123.000
14	123.000
19	123.000
21	123.000
26	123.000
30	123.000
33	123.000
34	123.000
42	123.000
48	123.000
13	124.000
26	124.000
29	124.000
37	124.000
40	124.000
48	124.000
2	125.000
20	125.000
27	125.000
29	125.000
31	125.000
33	125.000
35	125.000
6	126.000
14	126.000
15	126.000
18	126.000
24	126.000
29	126.000
41	126.000
45	126.000
5	127.000
16	127.000
19	127.000
23	127.000
25	127.000
30	127.000
44	127.000
1	128.000
11	128.000
12	128.000
25	128.000
27	128.000
30	128.000
32	128.000
45	128.000
46	128.000
47	128.000
48	128.000
49	128.000
18	129.000
28	129.000
29	129.000
34	129.000
41	129.000
44	129.000
45	129.000
9	130.000
18	130.000
21	130.000
30	130.000
37	130.000
41	130.000
3	131.000
6	131.000
13	131.000
18	131.000
33	131.000
43	131.000
1	132.000
3	132.000
10	132.000
19	132.000
24	132.000
28	132.000
31	132.000
37	132.000
44	132.000
49	132.000
2	133.000
8	133.000
10	133.000
26	133.000
27	133.000
36	133.000
41	133.000
48	133.000
7	134.000
17	134.000
21	134.000
25	134.000
26	134.000
27	134.000
8	135.000
16	135.000
20	135.000
21	135.000
27	135.000
30	135.000
37	135.000
40	135.000
3	136.000
9	136.000
14	136.000
15	136.000
33	136.000
36	136.000
48	136.000
3	137.000
6	137.000
16	137.000
27	137.000
28	137.000
29	137.000
35	137.000
41	137.000
50	137.000
1	138.000
7	138.000
9	138.000
18	138.000
21	138.000
22	138.000
24	138.000
27	138.000
40	138.000
47	138.000
49	138.000
7	139.000
8	139.000
16	139.000
39	139.000
41	139.000
48	139.000
3	140.000
10	140.000
12	140.000
17	140.000
23	140.000
24	140.000
31	140.000
36	140.000
39	140.000
46	140.000
2	141.000
11	141.000
13	141.000
16	141.000
26	141.000
32	141.000
35	141.000
47	141.000
23	142.000
24	142.000
5	143.000
10	143.000
17	143.000
19	143.000
24	143.000
32	143.000
41	143.000
44	143.000
1	144.000
8	144.000
12	144.000
18	144.000
29	144.000
37	144.000
24	145.000
26	145.000
27	145.000
38	145.000
45	145.000
5	146.000
14	146.000
36	146.000
45	146.000
15	147.000
27	147.000
31	147.000
39	147.000
3	148.000
5	148.000
9	148.000
15	148.000
21	148.000
30	148.000
35	148.000
37	148.000
45	148.000
11	149.000
16	149.000
21	149.000
28	149.000
32	149.000
39	149.000
1	150.000
6	150.000
7	150.000
9	150.000
11	150.000
17	150.000
18	150.000
23	150.000
37	150.000
40	150.000
45	150.000
47	150.000
10	151.000
14	151.000
28	151.000
36	151.000
48	151.000
50	151.000
4	152.000
5	152.000
12	152.000
18	152.000
19	152.000
22	152.000
26	152.000
32	152.000
36	152.000
38	152.000
46	152.000
5	153.000
11	153.000
18	153.000
19	153.000
22	153.000
32	153.000
37	153.000
42	153.000
46	153.000
1	154.000
3	154.000
12	154.000
34	154.000
44	154.000
49	154.000
4	155.000
8	155.000
11	155.000
17	155.000
21	155.000
23	155.000
26	155.000
31	155.000
38	155.000
45	155.000
46	155.000
10	156.000
28	156.000
32	156.000
34	156.000
38	156.000
47	156.000
1	157.000
12	157.000
21	157.000
31	157.000
36	157.000
37	157.000
42	157.000
47	157.000
8	158.000
17	158.000
21	158.000
22	158.000
26	158.000
30	158.000
44	158.000
28	159.000
32	159.000
49	159.000
3	160.000
20	160.000
21	160.000
30	160.000
39	160.000
40	160.000
18	161.000
27	161.000
29	161.000
46	161.000
4	162.000
8	162.000
11	162.000
35	162.000
41	162.000
42	162.000
45	162.000
3	163.000
16	163.000
20	163.000
30	163.000
37	163.000
41	163.000
43	163.000
44	163.000
7	164.000
8	164.000
31	164.000
32	164.000
45	164.000
49	164.000
11	165.000
13	165.000
18	165.000
22	165.000
28	165.000
33	165.000
36	165.000
37	165.000
38	165.000
39	165.000
41	165.000
42	165.000
46	165.000
10	166.000
14	166.000
23	166.000
28	166.000
31	166.000
37	166.000
44	166.000
49	166.000
3	167.000
5	167.000
8	167.000
24	167.000
34	167.000
35	167.000
37	167.000
42	167.000
47	167.000
50	167.000
3	168.000
7	168.000
17	168.000
21	168.000
28	168.000
33	168.000
40	168.000
44	168.000
50	168.000
7	169.000
21	169.000
33	169.000
34	169.000
42	169.000
44	169.000
48	169.000
4	170.000
14	170.000
22	170.000
24	170.000
31	170.000
37	170.000
14	171.000
27	171.000
34	171.000
35	171.000
37	171.000
38	171.000
2	172.000
13	172.000
15	172.000
19	172.000
29	172.000
46	172.000
13	173.000
16	173.000
18	173.000
29	173.000
32	173.000
35	173.000
39	173.000
40	173.000
44	173.000
46	173.000
49	173.000
8	174.000
13	174.000
17	174.000
34	174.000
48	174.000
5	175.000
8	175.000
10	175.000
12	175.000
16	175.000
21	175.000
27	175.000
34	175.000
39	175.000
41	175.000
47	175.000
16	176.000
27	176.000
34	176.000
39	176.000
44	176.000
45	176.000
50	176.000
6	177.000
29	177.000
35	177.000
41	177.000
48	177.000
4	178.000
10	178.000
14	178.000
16	178.000
20	178.000
22	178.000
25	178.000
30	178.000
42	178.000
45	178.000
49	178.000
13	179.000
18	179.000
24	179.000
33	179.000
6	180.000
7	180.000
16	180.000
18	180.000
33	180.000
44	180.000
46	180.000
47	180.000
1	181.000
6	181.000
8	181.000
14	181.000
18	181.000
19	181.000
29	181.000
44	181.000
46	181.000
22	182.000
23	182.000
26	182.000
40	182.000
45	182.000
50	182.000
19	183.000
29	183.000
32	183.000
39	183.000
45	183.000
48	183.000
8	184.000
11	184.000
14	184.000
19	184.000
20	184.000
24	184.000
38	184.000
50	184.000
5	185.000
7	185.000
23	185.000
24	185.000
30	185.000
3	186.000
15	186.000
28	186.000
29	186.000
35	186.000
37	186.000
8	187.000
9	187.000
10	187.000
22	187.000
28	187.000
45	187.000
5	188.000
6	188.000
7	188.000
14	188.000
16	188.000
21	188.000
23	188.000
26	188.000
27	188.000
29	188.000
31	188.000
34	188.000
40	188.000
47	188.000
48	188.000
49	188.000
6	189.000
9	189.000
11	189.000
16	189.000
36	189.000
4	190.000
5	190.000
18	190.000
19	190.000
33	190.000
38	190.000
3	191.000
4	191.000
6	191.000
8	191.000
23	191.000
35	191.000
13	192.000
15	192.000
18	192.000
24	192.000
26	192.000
27	192.000
28	192.000
29	192.000
32	192.000
38	192.000
4	193.000
12	193.000
6	194.000
8	194.000
16	194.000
31	194.000
37	194.000
41	194.000
3	195.000
7	195.000
13	195.000
24	195.000
35	195.000
49	195.000
50	195.000
3	196.000
5	196.000
7	196.000
9	196.000
10	196.000
22	196.000
38	196.000
40	196.000
46	196.000
7	197.000
9	197.000
12	197.000
14	197.000
17	197.000
21	197.000
33	197.000
35	197.000
47	197.000
49	197.000
9	198.000
10	198.000
13	198.000
20	198.000
29	198.000
30	198.000
44	198.000
50	198.000
2	199.000
3	199.000
9	199.000
10	199.000
14	199.000
15	199.000
16	199.000
19	199.000
20	199.000
33	199.000
41	199.000
46	199.000
48	199.000
11	200.000
12	200.000
30	200.000
31	200.000
33	200.000
44	200.000
4	201.000
7	201.000
8	201.000
21	201.000
24	201.000
35	201.000
44	201.000
46	201.000
47	201.000
32	202.000
4	203.000
9	203.000
13	203.000
18	203.000
44	203.000
4	204.000
9	204.000
14	204.000
23	204.000
33	204.000
42	204.000
43	204.000
49	204.000
1	205.000
11	205.000
16	205.000
31	205.000
36	205.000
39	205.000
45	205.000
1	206.000
6	206.000
7	206.000
11	206.000
13	206.000
36	206.000
40	206.000
48	206.000
7	207.000
11	207.000
17	207.000
22	207.000
3	208.000
5	208.000
13	208.000
14	208.000
19	208.000
23	208.000
47	208.000
50	208.000
11	209.000
17	209.000
23	209.000
33	209.000
35	209.000
39	209.000
9	210.000
13	210.000
15	210.000
28	210.000
43	210.000
46	210.000
2	211.000
5	211.000
8	211.000
11	211.000
14	211.000
15	211.000
16	211.000
17	211.000
22	211.000
25	211.000
32	211.000
33	211.000
34	211.000
39	211.000
45	211.000
20	212.000
27	212.000
38	212.000
40	212.000
47	212.000
49	212.000
8	213.000
11	213.000
13	213.000
16	213.000
32	213.000
42	213.000
48	213.000
49	213.000
50	213.000
4	214.000
5	214.000
7	214.000
10	214.000
12	214.000
16	214.000
23	214.000
27	214.000
31	214.000
32	214.000
45	214.000
3	215.000
7	215.000
14	215.000
23	215.000
48	215.000
50	215.000
1	216.000
5	216.000
8	216.000
14	216.000
26	216.000
32	216.000
42	216.000
48	216.000
17	217.000
23	217.000
25	217.000
28	217.000
35	217.000
44	217.000
47	217.000
4	218.000
12	218.000
15	218.000
16	218.000
21	218.000
27	218.000
30	218.000
31	218.000
33	218.000
34	218.000
38	218.000
40	218.000
47	218.000
5	219.000
24	219.000
35	219.000
38	219.000
40	219.000
41	219.000
48	219.000
50	219.000
13	220.000
18	220.000
19	220.000
27	220.000
38	220.000
48	220.000
5	221.000
17	221.000
47	221.000
6	222.000
10	222.000
19	222.000
32	222.000
38	222.000
39	222.000
2	223.000
3	223.000
14	223.000
19	223.000
26	223.000
27	223.000
31	223.000
35	223.000
41	223.000
42	223.000
2	224.000
4	224.000
13	224.000
19	224.000
24	224.000
25	224.000
30	224.000
3	225.000
4	225.000
7	225.000
10	225.000
19	225.000
37	225.000
16	226.000
18	226.000
26	226.000
34	226.000
37	226.000
41	226.000
43	226.000
2	227.000
31	227.000
32	227.000
33	227.000
34	227.000
38	227.000
43	227.000
4	228.000
9	228.000
19	228.000
27	228.000
34	228.000
35	228.000
38	228.000
45	228.000
48	228.000
12	229.000
26	229.000
28	229.000
45	229.000
48	229.000
2	230.000
7	230.000
8	230.000
9	230.000
13	230.000
20	230.000
28	230.000
14	231.000
35	231.000
49	231.000
2	232.000
14	232.000
27	232.000
30	232.000
33	232.000
34	232.000
41	232.000
45	232.000
21	233.000
32	233.000
40	233.000
46	233.000
47	233.000
3	234.000
13	234.000
19	234.000
22	234.000
36	234.000
40	234.000
41	234.000
43	234.000
40	235.000
41	235.000
46	235.000
5	236.000
11	236.000
22	236.000
42	236.000
43	236.000
1	237.000
4	237.000
5	237.000
15	237.000
18	237.000
34	237.000
40	237.000
42	237.000
46	237.000
1	238.000
2	238.000
3	238.000
7	238.000
13	238.000
23	238.000
32	238.000
36	238.000
38	238.000
41	238.000
42	238.000
45	238.000
47	238.000
14	239.000
19	239.000
26	239.000
28	239.000
35	239.000
45	239.000
2	240.000
7	240.000
15	240.000
16	240.000
19	240.000
23	240.000
26	240.000
27	240.000
28	240.000
29	240.000
34	240.000
36	240.000
38	240.000
42	240.000
48	240.000
49	240.000
8	241.000
10	241.000
18	241.000
22	241.000
26	241.000
33	241.000
37	241.000
45	241.000
2	242.000
15	242.000
20	242.000
30	242.000
37	242.000
47	242.000
48	242.000
6	243.000
7	243.000
10	243.000
11	243.000
19	243.000
21	243.000
22	243.000
23	243.000
24	243.000
25	243.000
30	243.000
36	243.000
3	244.000
9	244.000
13	244.000
19	244.000
22	244.000
24	244.000
37	244.000
44	244.000
45	244.000
49	244.000
12	245.000
23	245.000
28	245.000
38	245.000
1	246.000
3	246.000
7	246.000
14	246.000
18	246.000
26	246.000
35	246.000
39	246.000
40	246.000
42	246.000
9	247.000
23	247.000
26	247.000
35	247.000
36	247.000
16	248.000
26	248.000
28	248.000
29	248.000
30	248.000
36	248.000
43	248.000
45	248.000
49	248.000
6	249.000
8	249.000
19	249.000
22	249.000
25	249.000
28	249.000
30	249.000
40	249.000
4	250.000
5	250.000
8	250.000
18	250.000
20	250.000
37	250.000
44	250.000
2	251.000
6	251.000
24	251.000
33	251.000
43	251.000
45	251.000
48	251.000
1	252.000
5	252.000
6	252.000
30	252.000
38	252.000
42	252.000
43	252.000
1	253.000
3	253.000
21	253.000
24	253.000
26	253.000
27	253.000
46	253.000
50	253.000
8	254.000
10	254.000
16	254.000
35	254.000
48	254.000
16	255.000
17	255.000
37	255.000
43	255.000
47	255.000
3	256.000
8	256.000
18	256.000
19	256.000
22	256.000
24	256.000
25	256.000
33	256.000
36	256.000
39	256.000
43	256.000
20	257.000
32	257.000
36	257.000
6	258.000
7	258.000
30	258.000
48	258.000
3	259.000
6	259.000
14	259.000
24	259.000
25	259.000
32	259.000
37	259.000
50	259.000
4	260.000
8	260.000
11	260.000
13	260.000
14	260.000
16	260.000
18	260.000
19	260.000
5	261.000
13	261.000
14	261.000
21	261.000
35	261.000
36	261.000
40	261.000
41	261.000
45	261.000
48	261.000
2	262.000
5	262.000
7	262.000
20	262.000
33	262.000
36	262.000
40	262.000
42	262.000
44	262.000
48	262.000
6	263.000
7	263.000
10	263.000
17	263.000
26	263.000
28	263.000
39	263.000
40	263.000
41	263.000
45	263.000
47	263.000
50	263.000
5	264.000
38	264.000
13	265.000
19	265.000
25	265.000
32	265.000
34	265.000
48	265.000
14	266.000
16	266.000
19	266.000
24	266.000
30	266.000
35	266.000
50	266.000
10	267.000
14	267.000
31	267.000
33	267.000
34	267.000
38	267.000
41	267.000
43	267.000
5	268.000
10	268.000
20	268.000
28	268.000
36	268.000
37	268.000
43	268.000
3	269.000
6	269.000
16	269.000
24	269.000
33	269.000
36	269.000
49	269.000
3	270.000
12	270.000
19	270.000
36	270.000
43	270.000
47	270.000
8	271.000
15	271.000
18	271.000
24	271.000
28	271.000
31	271.000
35	271.000
44	271.000
1	272.000
4	272.000
8	272.000
10	272.000
23	272.000
26	272.000
39	272.000
46	272.000
6	273.000
25	273.000
36	273.000
47	273.000
1	274.000
5	274.000
14	274.000
20	274.000
21	274.000
27	274.000
38	274.000
40	274.000
45	274.000
3	275.000
9	275.000
30	275.000
35	275.000
45	275.000
46	275.000
4	276.000
11	276.000
23	276.000
38	276.000
41	276.000
42	276.000
45	276.000
1	277.000
6	277.000
19	277.000
23	277.000
24	277.000
27	277.000
28	277.000
29	277.000
33	277.000
36	277.000
39	277.000
40	277.000
43	277.000
48	277.000
9	278.000
13	278.000
15	278.000
21	278.000
22	278.000
24	278.000
26	278.000
27	278.000
37	278.000
39	278.000
41	278.000
42	278.000
8	279.000
9	279.000
13	279.000
18	279.000
20	279.000
24	279.000
25	279.000
28	279.000
39	279.000
40	279.000
5	280.000
25	280.000
27	280.000
28	280.000
43	280.000
44	280.000
2	281.000
3	281.000
7	281.000
10	281.000
14	281.000
16	281.000
24	281.000
28	281.000
38	281.000
4	282.000
7	282.000
18	282.000
21	282.000
36	282.000
48	282.000
3	283.000
4	283.000
10	283.000
15	283.000
18	283.000
21	283.000
23	283.000
26	283.000
27	283.000
34	283.000
37	283.000
43	283.000
49	283.000
9	284.000
16	284.000
3	285.000
7	285.000
10	285.000
26	285.000
32	285.000
41	285.000
44	285.000
2	286.000
12	286.000
16	286.000
20	286.000
36	286.000
39	286.000
48	286.000
3	287.000
4	287.000
20	287.000
21	287.000
24	287.000
38	287.000
43	287.000
44	287.000
6	288.000
7	288.000
18	288.000
24	288.000
32	288.000
34	288.000
37	288.000
47	288.000
18	289.000
21	289.000
24	289.000
26	289.000
30	289.000
36	289.000
41	289.000
46	289.000
4	290.000
13	290.000
16	290.000
25	290.000
27	290.000
31	290.000
41	290.000
49	290.000
12	291.000
19	291.000
29	291.000
39	291.000
41	291.000
8	292.000
15	292.000
25	292.000
26	292.000
27	292.000
36	292.000
37	292.000
46	292.000
47	292.000
10	293.000
11	293.000
20	293.000
30	293.000
44	293.000
5	294.000
10	294.000
21	294.000
26	294.000
28	294.000
36	294.000
44	294.000
46	294.000
1	295.000
4	295.000
5	295.000
6	295.000
31	295.000
39	295.000
41	295.000
43	295.000
48	295.000
4	296.000
13	296.000
22	296.000
23	296.000
34	296.000
38	296.000
6	297.000
12	297.000
20	297.000
21	297.000
29	297.000
34	297.000
39	297.000
49	297.000
3	298.000
9	298.000
10	298.000
11	298.000
14	298.000
18	298.000
23	298.000
31	298.000
32	298.000
33	298.000
34	298.000
37	298.000
41	298.000
43	298.000
44	298.000
16	299.000
19	299.000
27	299.000
30	299.000
36	299.000
39	299.000
43	299.000
46	299.000
49	299.000
3	300.000
12	300.000
24	300.000
30	300.000
39	300.000
41	300.000
49	300.000
3	301.000
5	301.000
8	301.000
11	301.000
15	301.000
20	301.000
23	301.000
32	301.000
35	301.000
42	301.000
45	301.000
50	301.000
33	302.000
39	302.000
44	302.000
45	302.000
46	302.000
1	303.000
10	303.000
11	303.000
14	303.000
20	303.000
31	303.000
33	303.000
40	303.000
13	304.000
20	304.000
42	304.000
46	304.000
49	304.000
12	305.000
18	305.000
26	305.000
31	305.000
46	305.000
49	305.000
7	306.000
19	306.000
21	306.000
24	306.000
26	306.000
27	306.000
47	306.000
1	307.000
3	307.000
7	307.000
13	307.000
22	307.000
33	307.000
43	307.000
45	307.000
46	307.000
4	308.000
11	308.000
12	308.000
20	308.000
27	308.000
29	308.000
45	308.000
48	308.000
15	309.000
23	309.000
29	309.000
35	309.000
40	309.000
46	309.000
50	309.000
3	310.000
11	310.000
12	310.000
15	310.000
17	310.000
37	310.000
38	310.000
39	310.000
48	310.000
49	310.000
11	311.000
12	311.000
18	311.000
24	311.000
39	311.000
1	312.000
9	312.000
20	312.000
36	312.000
3	313.000
15	313.000
34	313.000
37	313.000
38	313.000
45	313.000
1	314.000
10	314.000
12	314.000
28	314.000
30	314.000
41	314.000
42	314.000
46	314.000
48	314.000
2	315.000
6	315.000
7	315.000
25	315.000
26	315.000
42	315.000
43	315.000
45	315.000
6	316.000
8	316.000
14	316.000
16	316.000
32	316.000
38	316.000
42	316.000
48	316.000
49	316.000
10	317.000
14	317.000
15	317.000
16	317.000
17	317.000
23	317.000
24	317.000
37	317.000
38	317.000
40	317.000
48	317.000
2	318.000
5	318.000
6	318.000
14	318.000
29	318.000
31	318.000
36	318.000
37	318.000
43	318.000
44	318.000
47	318.000
48	318.000
1	319.000
3	319.000
4	319.000
10	319.000
15	319.000
22	319.000
34	319.000
49	319.000
3	320.000
13	320.000
21	320.000
26	320.000
30	320.000
34	320.000
46	320.000
49	320.000
50	320.000
26	321.000
42	321.000
47	321.000
11	322.000
16	322.000
17	322.000
25	322.000
31	322.000
40	322.000
1	323.000
12	323.000
17	323.000
18	323.000
35	323.000
46	323.000
4	324.000
7	324.000
20	324.000
21	324.000
24	324.000
26	324.000
30	324.000
41	324.000
42	324.000
43	324.000
5	325.000
7	325.000
22	325.000
32	325.000
44	325.000
47	325.000
10	326.000
16	326.000
31	326.000
32	326.000
33	326.000
38	326.000
40	326.000
41	326.000
42	326.000
6	327.000
8	327.000
17	327.000
26	327.000
30	327.000
36	327.000
48	327.000
21	328.000
48	328.000
2	329.000
10	329.000
25	329.000
45	329.000
6	330.000
11	330.000
15	330.000
18	330.000
20	330.000
21	330.000
23	330.000
33	330.000
35	330.000
38	330.000
48	330.000
1	331.000
26	331.000
28	331.000
29	331.000
35	331.000
40	331.000
1	332.000
3	332.000
9	332.000
10	332.000
17	332.000
26	332.000
29	332.000
31	332.000
43	332.000
1	333.000
6	333.000
8	333.000
13	333.000
17	333.000
31	333.000
32	333.000
37	333.000
3	334.000
17	334.000
23	334.000
24	334.000
37	334.000
5	335.000
14	335.000
21	335.000
22	335.000
23	335.000
31	335.000
32	335.000
35	335.000
41	335.000
43	335.000
46	335.000
50	335.000
8	336.000
11	336.000
15	336.000
20	336.000
22	336.000
27	336.000
34	336.000
35	336.000
50	336.000
13	337.000
28	337.000
29	337.000
41	337.000
49	337.000
3	338.000
22	338.000
25	338.000
50	338.000
13	339.000
18	339.000
36	339.000
44	339.000
50	339.000
1	340.000
9	340.000
13	340.000
26	340.000
27	340.000
29	340.000
36	340.000
38	341.000
4	342.000
6	342.000
16	342.000
22	342.000
26	342.000
28	342.000
37	342.000
45	342.000
46	342.000
18	343.000
24	343.000
33	343.000
34	343.000
42	343.000
45	343.000
50	343.000
1	344.000
5	344.000
10	344.000
15	344.000
16	344.000
19	344.000
23	344.000
27	344.000
35	344.000
37	344.000
39	344.000
48	344.000
6	345.000
13	345.000
25	345.000
32	345.000
38	345.000
39	345.000
41	345.000
44	345.000
46	345.000
47	345.000
49	345.000
3	346.000
5	346.000
15	346.000
26	346.000
28	346.000
46	346.000
1	347.000
11	347.000
16	347.000
18	347.000
34	347.000
36	347.000
42	347.000
44	347.000
50	347.000
7	348.000
10	348.000
25	348.000
40	348.000
42	348.000
10	349.000
11	349.000
12	349.000
19	349.000
20	349.000
21	349.000
22	349.000
28	349.000
30	349.000
34	349.000
37	349.000
44	349.000
3	350.000
5	350.000
9	350.000
20	350.000
27	350.000
29	350.000
39	350.000
47	350.000
50	350.000
6	351.000
14	351.000
18	351.000
23	351.000
28	351.000
37	351.000
43	351.000
44	351.000
2	352.000
15	352.000
17	352.000
24	352.000
26	352.000
48	352.000
49	352.000
50	352.000
4	353.000
7	353.000
29	353.000
32	353.000
34	353.000
35	353.000
44	353.000
2	354.000
10	354.000
17	354.000
23	354.000
27	354.000
33	354.000
39	354.000
41	354.000
4	355.000
17	355.000
21	355.000
23	355.000
24	355.000
33	355.000
36	355.000
7	356.000
20	356.000
22	356.000
31	356.000
8	357.000
9	357.000
12	357.000
13	357.000
39	357.000
41	357.000
1	358.000
7	358.000
16	358.000
29	358.000
41	358.000
5	359.000
6	359.000
13	359.000
38	359.000
46	359.000
8	360.000
11	360.000
12	360.000
19	360.000
23	360.000
33	360.000
43	360.000
48	360.000
4	361.000
7	361.000
9	361.000
10	361.000
13	361.000
16	361.000
22	361.000
42	361.000
1	362.000
9	362.000
19	362.000
24	362.000
25	362.000
26	362.000
31	362.000
5	363.000
8	363.000
9	363.000
15	363.000
17	363.000
18	363.000
28	363.000
36	363.000
38	363.000
3	364.000
11	364.000
21	364.000
34	364.000
36	364.000
43	364.000
45	364.000
8	365.000
11	365.000
12	365.000
31	365.000
3	366.000
9	366.000
10	366.000
17	366.000
24	366.000
27	366.000
30	366.000
33	366.000
35	366.000
37	366.000
43	366.000
45	366.000
46	366.000
48	366.000
4	367.000
16	367.000
20	367.000
24	367.000
27	367.000
48	367.000
10	368.000
32	368.000
33	368.000
37	368.000
44	368.000
49	368.000
12	369.000
25	369.000
27	369.000
32	369.000
1	370.000
2	370.000
11	370.000
12	370.000
13	370.000
15	370.000
17	370.000
21	370.000
27	370.000
28	370.000
41	370.000
50	370.000
8	371.000
24	371.000
26	371.000
28	371.000
29	371.000
30	371.000
35	371.000
42	371.000
4	372.000
13	372.000
16	372.000
18	372.000
23	372.000
25	372.000
34	372.000
37	372.000
39	372.000
42	372.000
49	372.000
15	373.000
17	373.000
33	373.000
34	373.000
36	373.000
48	373.000
2	374.000
3	374.000
4	374.000
23	374.000
27	374.000
42	374.000
47	374.000
6	375.000
9	375.000
17	375.000
18	375.000
20	375.000
28	375.000
29	375.000
32	375.000
40	375.000
44	375.000
45	375.000
2	376.000
8	376.000
16	376.000
26	376.000
38	376.000
41	376.000
46	376.000
7	377.000
18	377.000
1	378.000
4	378.000
22	378.000
25	378.000
28	378.000
30	378.000
32	378.000
41	378.000
42	378.000
43	378.000
10	379.000
17	379.000
20	379.000
28	379.000
37	379.000
41	379.000
3	380.000
9	380.000
24	380.000
29	380.000
30	380.000
40	380.000
46	380.000
48	380.000
10	381.000
16	381.000
20	381.000
27	381.000
40	381.000
42	381.000
15	382.000
20	382.000
36	382.000
49	382.000
50	382.000
3	383.000
5	383.000
14	383.000
21	383.000
24	383.000
50	383.000
10	384.000
17	384.000
19	384.000
30	384.000
35	384.000
42	384.000
46	384.000
3	385.000
12	385.000
13	385.000
21	385.000
45	385.000
49	385.000
7	386.000
19	386.000
28	386.000
30	386.000
37	386.000
42	386.000
44	386.000
3	387.000
11	387.000
12	387.000
13	387.000
17	387.000
22	387.000
27	387.000
29	387.000
33	387.000
50	387.000
1	388.000
4	388.000
8	388.000
9	388.000
12	388.000
14	388.000
36	388.000
39	388.000
41	388.000
42	388.000
43	388.000
1	389.000
13	389.000
16	389.000
18	389.000
31	389.000
46	389.000
47	389.000
2	390.000
12	390.000
30	390.000
41	390.000
44	390.000
46	390.000
47	390.000
2	391.000
13	391.000
15	391.000
24	391.000
27	391.000
1	392.000
3	392.000
16	392.000
18	392.000
19	392.000
30	392.000
31	392.000
32	392.000
33	392.000
42	392.000
43	392.000
7	393.000
16	393.000
36	393.000
39	393.000
41	393.000
50	393.000
1	394.000
10	394.000
13	394.000
14	394.000
18	394.000
21	394.000
24	394.000
40	394.000
5	395.000
16	395.000
18	395.000
19	395.000
20	395.000
40	395.000
41	395.000
4	396.000
14	396.000
19	396.000
26	396.000
27	396.000
34	396.000
10	397.000
27	397.000
29	397.000
33	397.000
42	397.000
10	398.000
14	398.000
17	398.000
22	398.000
30	398.000
31	398.000
35	398.000
39	398.000
40	398.000
42	398.000
45	398.000
10	399.000
17	399.000
27	399.000
30	399.000
37	399.000
39	399.000
14	400.000
16	400.000
24	400.000
25	400.000
27	400.000
34	400.000
46	400.000
10	401.000
13	401.000
22	401.000
27	401.000
32	401.000
36	401.000
38	401.000
48	401.000
2	402.000
3	402.000
22	402.000
32	402.000
35	402.000
36	402.000
40	402.000
50	402.000
8	403.000
9	403.000
12	403.000
19	403.000
21	403.000
26	403.000
27	403.000
32	403.000
39	403.000
41	403.000
48	403.000
49	403.000
25	404.000
31	404.000
39	404.000
11	405.000
15	405.000
30	405.000
1	406.000
13	406.000
15	406.000
21	406.000
22	406.000
25	406.000
28	406.000
31	406.000
40	406.000
12	407.000
19	407.000
23	407.000
25	407.000
28	407.000
29	407.000
38	407.000
42	407.000
1	408.000
12	408.000
24	408.000
33	408.000
34	408.000
1	409.000
4	409.000
27	409.000
31	409.000
32	409.000
33	409.000
34	409.000
35	409.000
37	409.000
40	409.000
43	409.000
50	409.000
5	410.000
11	410.000
17	410.000
20	410.000
26	410.000
27	410.000
31	410.000
37	410.000
39	410.000
24	411.000
26	411.000
29	411.000
34	411.000
43	411.000
4	412.000
10	412.000
49	412.000
9	413.000
14	413.000
32	413.000
37	413.000
47	413.000
1	414.000
5	414.000
21	414.000
24	414.000
41	414.000
47	414.000
15	415.000
20	415.000
29	415.000
30	415.000
39	415.000
41	415.000
46	415.000
47	415.000
7	416.000
10	416.000
17	416.000
19	416.000
35	416.000
49	416.000
1	417.000
10	417.000
18	417.000
22	417.000
26	417.000
29	417.000
41	417.000
44	417.000
48	417.000
15	418.000
19	418.000
33	418.000
43	418.000
47	418.000
28	419.000
32	419.000
48	419.000
2	420.000
7	420.000
23	420.000
32	420.000
34	420.000
37	420.000
38	420.000
45	420.000
46	420.000
10	421.000
15	421.000
39	421.000
45	421.000
17	422.000
19	422.000
23	422.000
25	422.000
31	422.000
45	422.000
47	422.000
48	422.000
49	422.000
50	422.000
4	423.000
10	423.000
15	423.000
20	423.000
29	423.000
30	423.000
41	423.000
50	423.000
3	424.000
16	424.000
20	424.000
21	424.000
26	424.000
29	424.000
32	424.000
37	424.000
40	424.000
41	424.000
45	424.000
49	424.000
7	425.000
21	425.000
25	425.000
31	425.000
34	425.000
40	425.000
41	425.000
48	425.000
50	425.000
5	426.000
9	426.000
13	426.000
16	426.000
18	426.000
20	426.000
22	426.000
38	426.000
45	426.000
10	427.000
12	427.000
15	427.000
22	427.000
25	427.000
26	427.000
30	427.000
33	427.000
35	427.000
41	427.000
11	428.000
13	428.000
20	428.000
35	428.000
38	428.000
43	428.000
1	429.000
18	429.000
31	429.000
33	429.000
36	429.000
40	429.000
41	429.000
42	429.000
14	430.000
15	430.000
20	430.000
26	430.000
29	430.000
32	430.000
50	430.000
6	431.000
9	431.000
11	431.000
16	431.000
21	431.000
25	431.000
35	431.000
36	431.000
46	431.000
1	432.000
23	432.000
25	432.000
31	432.000
37	432.000
45	432.000
50	432.000
1	433.000
12	433.000
23	433.000
29	433.000
32	433.000
33	433.000
41	433.000
11	434.000
18	434.000
23	434.000
25	434.000
29	434.000
33	434.000
34	434.000
43	434.000
50	434.000
1	435.000
3	435.000
6	435.000
7	435.000
13	435.000
33	435.000
42	435.000
50	435.000
5	436.000
10	436.000
24	436.000
27	436.000
30	436.000
37	436.000
38	436.000
39	436.000
41	436.000
47	436.000
10	437.000
28	437.000
29	437.000
37	437.000
2	438.000
6	438.000
8	438.000
32	438.000
35	438.000
36	438.000
38	438.000
4	439.000
11	439.000
24	439.000
34	439.000
46	439.000
13	440.000
16	440.000
23	440.000
28	440.000
33	440.000
45	440.000
50	440.000
20	441.000
21	441.000
23	441.000
24	441.000
26	441.000
28	441.000
30	441.000
38	441.000
43	441.000
44	441.000
45	441.000
6	442.000
10	442.000
4	443.000
7	443.000
12	443.000
24	443.000
25	443.000
43	443.000
48	443.000
11	444.000
13	444.000
22	444.000
24	444.000
27	444.000
29	444.000
36	444.000
37	444.000
41	444.000
42	444.000
1	445.000
2	445.000
4	445.000
6	445.000
8	445.000
11	445.000
15	445.000
30	445.000
41	445.000
2	446.000
12	446.000
15	446.000
17	446.000
19	446.000
20	446.000
24	446.000
29	446.000
45	446.000
7	447.000
10	447.000
18	447.000
19	447.000
24	447.000
32	447.000
33	447.000
36	447.000
1	448.000
7	448.000
18	448.000
22	448.000
29	448.000
37	448.000
45	448.000
5	449.000
6	449.000
9	449.000
11	449.000
18	449.000
24	449.000
28	449.000
33	449.000
39	449.000
41	449.000
44	449.000
46	449.000
1	450.000
7	450.000
8	450.000
12	450.000
25	450.000
40	450.000
44	450.000
48	450.000
2	451.000
7	451.000
12	451.000
14	451.000
24	451.000
33	451.000
49	451.000
9	452.000
13	452.000
22	452.000
23	452.000
27	452.000
29	452.000
39	452.000
40	452.000
42	452.000
45	452.000
6	453.000
7	453.000
17	453.000
25	453.000
29	453.000
31	453.000
39	453.000
44	453.000
9	454.000
19	454.000
22	454.000
23	454.000
29	454.000
31	454.000
44	454.000
45	454.000
47	454.000
1	455.000
4	455.000
7	455.000
13	455.000
23	455.000
25	455.000
47	455.000
50	455.000
5	456.000
11	456.000
17	456.000
41	456.000
42	456.000
18	457.000
29	457.000
48	457.000
5	458.000
7	458.000
9	458.000
12	458.000
13	458.000
17	458.000
23	458.000
45	458.000
48	458.000
50	458.000
17	459.000
23	459.000
24	459.000
25	459.000
32	459.000
33	459.000
45	459.000
46	459.000
48	459.000
49	459.000
6	460.000
12	460.000
26	460.000
29	460.000
30	460.000
38	460.000
45	460.000
49	460.000
4	461.000
5	461.000
7	461.000
10	461.000
34	461.000
46	461.000
48	461.000
1	462.000
2	462.000
6	462.000
36	462.000
45	462.000
2	463.000
5	463.000
16	463.000
27	463.000
35	463.000
47	463.000
50	463.000
2	464.000
4	464.000
20	464.000
23	464.000
31	464.000
33	464.000
47	464.000
48	464.000
6	465.000
9	465.000
10	465.000
23	465.000
25	465.000
26	465.000
29	465.000
35	465.000
39	465.000
43	465.000
46	465.000
48	465.000
3	466.000
4	466.000
9	466.000
27	466.000
50	466.000
4	467.000
8	467.000
10	467.000
15	467.000
38	467.000
15	468.000
34	468.000
40	468.000
47	468.000
50	468.000
4	469.000
11	469.000
15	469.000
17	469.000
2	470.000
6	470.000
18	470.000
21	470.000
26	470.000
27	470.000
29	470.000
43	470.000
11	471.000
17	471.000
20	471.000
21	471.000
22	471.000
29	471.000
30	471.000
33	471.000
6	472.000
7	472.000
10	472.000
19	472.000
20	472.000
26	472.000
30	472.000
36	472.000
39	472.000
50	472.000
12	473.000
22	473.000
29	473.000
1	474.000
8	474.000
18	474.000
26	474.000
36	474.000
21	475.000
28	475.000
35	475.000
42	475.000
50	475.000
4	476.000
8	476.000
14	476.000
28	476.000
40	476.000
3	477.000
10	477.000
18	477.000
30	477.000
38	477.000
6	478.000
12	478.000
13	478.000
17	478.000
24	478.000
32	478.000
37	478.000
38	478.000
6	479.000
15	479.000
27	479.000
43	479.000
5	480.000
13	480.000
15	480.000
21	480.000
33	480.000
36	480.000
37	480.000
49	480.000
1	481.000
5	481.000
8	481.000
11	481.000
14	481.000
16	481.000
21	481.000
22	481.000
23	481.000
25	481.000
28	481.000
30	481.000
37	481.000
44	481.000
45	481.000
3	482.000
6	482.000
10	482.000
17	482.000
27	482.000
30	482.000
35	482.000
42	482.000
48	482.000
9	483.000
16	483.000
18	483.000
20	483.000
25	483.000
29	483.000
31	483.000
32	483.000
33	483.000
37	483.000
41	483.000
48	483.000
1	484.000
3	484.000
23	484.000
44	484.000
23	485.000
39	485.000
42	485.000
46	485.000
7	486.000
18	486.000
28	486.000
29	486.000
34	486.000
3	487.000
19	487.000
31	487.000
35	487.000
37	487.000
41	487.000
48	487.000
49	487.000
50	487.000
2	488.000
10	488.000
13	488.000
16	488.000
19	488.000
21	488.000
31	488.000
40	488.000
42	488.000
45	488.000
10	489.000
14	489.000
31	489.000
37	489.000
45	489.000
4	490.000
5	490.000
6	490.000
21	490.000
22	490.000
26	490.000
35	490.000
47	490.000
48	490.000
18	491.000
19	491.000
25	491.000
41	491.000
1	492.000
29	492.000
32	492.000
35	492.000
36	492.000
38	492.000
1	493.000
4	493.000
13	493.000
15	493.000
23	493.000
24	493.000
26	493.000
28	493.000
29	493.000
36	493.000
38	493.000
9	494.000
16	494.000
21	494.000
27	494.000
31	494.000
36	494.000
37	494.000
38	494.000
46	494.000
48	494.000
49	494.000
7	495.000
8	495.000
9	495.000
14	495.000
24	495.000
49	495.000
6	496.000
7	496.000
8	496.000
13	496.000
15	496.000
48	496.000
15	497.000
21	497.000
22	497.000
37	497.000
42	497.000
44	497.000
49	497.000
50	497.000
4	498.000
10	498.000
22	498.000
27	498.000
35	498.000
39	498.000
47	498.000
5	499.000
10	499.000
13	499.000
15	499.000
22	499.000
27	499.000
29	499.000
39	499.000
2	500.000
3	500.000
5	500.000
14	500.000
28	500.000
1	501.000
7	501.000
10	501.000
11	501.000
29	501.000
35	501.000
42	501.000
2	502.000
7	502.000
16	502.000
18	502.000
20	502.000
23	502.000
35	502.000
36	502.000
37	502.000
48	502.000
50	502.000
8	503.000
10	503.000
11	503.000
20	503.000
24	503.000
28	503.000
35	503.000
48	503.000
49	503.000
14	504.000
18	504.000
19	504.000
22	504.000
25	504.000
29	504.000
3	505.000
6	505.000
14	505.000
18	505.000
24	505.000
3	506.000
7	506.000
9	506.000
14	506.000
21	506.000
33	506.000
34	506.000
39	506.000
5	507.000
8	507.000
9	507.000
11	507.000
15	507.000
18	507.000
20	507.000
23	507.000
33	507.000
35	507.000
40	507.000
44	507.000
50	507.000
6	508.000
23	508.000
28	508.000
41	508.000
44	508.000
8	509.000
22	509.000
27	509.000
44	509.000
47	509.000
5	510.000
6	510.000
35	510.000
38	510.000
4	511.000
7	511.000
26	511.000
34	511.000
49	511.000
16	512.000
22	512.000
28	512.000
29	512.000
31	512.000
46	512.000
48	512.000
50	512.000
11	513.000
14	513.000
15	513.000
28	513.000
30	513.000
1	514.000
8	514.000
9	514.000
32	514.000
42	514.000
3	515.000
12	515.000
14	515.000
15	515.000
25	515.000
29	515.000
31	515.000
50	515.000
5	516.000
6	516.000
10	516.000
30	516.000
37	516.000
40	516.000
49	516.000
22	517.000
32	517.000
35	517.000
39	517.000
50	517.000
3	518.000
4	518.000
11	518.000
15	518.000
17	518.000
22	518.000
24	518.000
29	518.000
33	518.000
40	518.000
42	518.000
44	518.000
49	518.000
50	518.000
9	519.000
21	519.000
46	519.000
13	520.000
19	520.000
20	520.000
21	520.000
31	520.000
34	520.000
47	520.000
48	520.000
50	520.000
1	521.000
7	521.000
30	521.000
35	521.000
36	521.000
2	522.000
19	522.000
22	522.000
26	522.000
28	522.000
29	522.000
38	522.000
39	522.000
10	523.000
12	523.000
15	523.000
30	523.000
36	523.000
38	523.000
43	523.000
46	523.000
5	524.000
10	524.000
15	524.000
17	524.000
21	524.000
22	524.000
32	524.000
40	524.000
45	524.000
2	525.000
4	525.000
6	525.000
18	525.000
25	525.000
28	525.000
31	525.000
44	525.000
5	526.000
7	526.000
14	526.000
20	526.000
48	526.000
6	527.000
7	527.000
16	527.000
22	527.000
34	527.000
36	527.000
38	527.000
46	527.000
47	527.000
1	528.000
8	528.000
10	528.000
23	528.000
33	528.000
34	528.000
35	528.000
50	528.000
5	529.000
8	529.000
11	529.000
22	529.000
35	529.000
44	529.000
49	529.000
50	529.000
11	530.000
17	530.000
25	530.000
47	530.000
3	531.000
5	531.000
6	531.000
16	531.000
21	531.000
3	532.000
10	532.000
11	532.000
18	532.000
25	532.000
32	532.000
33	532.000
34	532.000
35	532.000
45	532.000
1	533.000
9	533.000
11	533.000
14	533.000
16	533.000
26	533.000
40	533.000
42	533.000
43	533.000
3	534.000
4	534.000
10	534.000
16	534.000
21	534.000
23	534.000
25	534.000
32	534.000
2	535.000
4	535.000
26	535.000
29	535.000
31	535.000
32	535.000
36	535.000
7	536.000
15	536.000
16	536.000
25	536.000
29	536.000
37	536.000
40	536.000
2	537.000
6	537.000
15	537.000
23	537.000
24	537.000
26	537.000
28	537.000
31	537.000
33	537.000
43	537.000
49	537.000
3	538.000
6	538.000
25	538.000
26	538.000
45	538.000
46	538.000
8	539.000
14	539.000
17	539.000
22	539.000
23	539.000
26	539.000
28	539.000
35	539.000
37	539.000
41	539.000
47	539.000
9	540.000
10	540.000
15	540.000
22	540.000
33	540.000
35	540.000
43	540.000
44	540.000
1	541.000
2	541.000
3	541.000
14	541.000
18	541.000
45	541.000
7	542.000
18	542.000
24	542.000
41	542.000
2	543.000
3	543.000
28	543.000
34	543.000
38	543.000
39	543.000
41	543.000
42	543.000
2	544.000
3	544.000
4	544.000
5	544.000
18	544.000
23	544.000
38	544.000
50	544.000
2	545.000
6	545.000
9	545.000
16	545.000
28	545.000
34	545.000
39	545.000
40	545.000
42	545.000
46	545.000
47	545.000
3	546.000
9	546.000
13	546.000
36	546.000
40	546.000
3	547.000
8	547.000
31	547.000
18	548.000
33	548.000
45	548.000
48	548.000
14	549.000
28	549.000
35	549.000
37	549.000
38	549.000
43	549.000
47	549.000
48	549.000
1	550.000
14	550.000
26	550.000
28	550.000
32	550.000
42	550.000
45	550.000
5	551.000
7	551.000
10	551.000
11	551.000
13	551.000
14	551.000
23	551.000
46	551.000
4	552.000
13	552.000
26	552.000
30	552.000
32	552.000
36	552.000
48	552.000
20	553.000
24	553.000
28	553.000
29	553.000
35	553.000
36	553.000
41	553.000
42	553.000
43	553.000
44	553.000
47	553.000
1	554.000
3	554.000
4	554.000
9	554.000
13	554.000
14	554.000
16	554.000
19	554.000
34	554.000
36	554.000
38	554.000
49	554.000
3	555.000
6	555.000
17	555.000
19	555.000
30	555.000
35	555.000
39	555.000
44	555.000
46	555.000
50	555.000
3	556.000
5	556.000
6	556.000
16	556.000
20	556.000
24	556.000
25	556.000
28	556.000
30	556.000
37	556.000
39	556.000
1	557.000
3	557.000
16	557.000
34	557.000
36	557.000
46	557.000
6	558.000
8	558.000
19	558.000
30	558.000
36	558.000
40	558.000
45	558.000
48	558.000
50	558.000
9	559.000
31	559.000
35	559.000
39	559.000
50	559.000
1	560.000
3	560.000
6	560.000
10	560.000
13	560.000
17	560.000
18	560.000
20	560.000
24	560.000
28	560.000
42	560.000
48	560.000
14	561.000
33	561.000
36	561.000
46	561.000
50	561.000
24	562.000
34	562.000
48	562.000
50	562.000
8	563.000
18	563.000
50	563.000
8	564.000
10	564.000
13	564.000
15	564.000
16	564.000
22	564.000
47	564.000
1	565.000
19	565.000
45	565.000
47	565.000
3	566.000
8	566.000
15	566.000
16	566.000
23	566.000
32	566.000
40	566.000
47	566.000
15	567.000
16	567.000
23	567.000
28	567.000
33	567.000
45	567.000
48	567.000
50	567.000
1	568.000
10	568.000
11	568.000
12	568.000
23	568.000
24	568.000
30	568.000
38	568.000
47	568.000
3	569.000
4	569.000
8	569.000
9	569.000
11	569.000
17	569.000
19	569.000
27	569.000
33	569.000
34	569.000
36	569.000
39	569.000
41	569.000
47	569.000
50	569.000
4	570.000
6	570.000
23	570.000
38	570.000
42	570.000
1	571.000
10	571.000
24	571.000
26	571.000
28	571.000
31	571.000
41	571.000
6	572.000
7	572.000
20	572.000
25	572.000
29	572.000
42	572.000
3	573.000
5	573.000
8	573.000
13	573.000
19	574.000
36	574.000
1	575.000
23	575.000
31	575.000
32	575.000
12	576.000
14	576.000
34	576.000
39	576.000
40	576.000
41	576.000
46	576.000
3	577.000
18	577.000
49	577.000
10	578.000
12	578.000
27	578.000
34	578.000
39	578.000
41	578.000
48	578.000
2	579.000
3	579.000
5	579.000
15	579.000
19	579.000
32	579.000
36	579.000
40	579.000
2	580.000
3	580.000
28	580.000
45	580.000
1	581.000
3	581.000
6	581.000
8	581.000
29	581.000
35	581.000
37	581.000
49	581.000
5	582.000
29	582.000
35	582.000
46	582.000
1	583.000
2	583.000
4	583.000
5	583.000
6	583.000
12	583.000
25	583.000
31	583.000
43	583.000
47	583.000
49	583.000
11	584.000
13	584.000
20	584.000
46	584.000
2	585.000
5	585.000
18	585.000
28	585.000
31	585.000
32	585.000
39	585.000
47	585.000
1	586.000
4	586.000
7	586.000
16	586.000
17	586.000
18	586.000
23	586.000
33	586.000
35	586.000
40	586.000
8	587.000
11	587.000
21	587.000
22	587.000
32	587.000
6	588.000
20	588.000
22	588.000
29	588.000
32	588.000
38	588.000
5	589.000
12	589.000
21	589.000
31	589.000
32	589.000
23	590.000
24	590.000
38	590.000
47	590.000
4	591.000
5	591.000
15	591.000
20	591.000
21	591.000
39	591.000
41	591.000
45	591.000
17	592.000
23	592.000
29	592.000
32	592.000
36	592.000
37	592.000
38	592.000
45	592.000
4	593.000
8	593.000
21	593.000
23	593.000
36	593.000
5	594.000
8	594.000
12	594.000
14	594.000
17	594.000
25	594.000
39	594.000
42	594.000
45	594.000
8	595.000
9	595.000
20	595.000
24	595.000
30	595.000
33	595.000
39	595.000
44	595.000
49	595.000
50	595.000
3	596.000
4	596.000
5	596.000
16	596.000
20	596.000
21	596.000
22	596.000
26	596.000
39	596.000
41	596.000
42	596.000
28	597.000
32	597.000
44	597.000
15	598.000
25	598.000
2	599.000
13	599.000
14	599.000
15	599.000
21	599.000
28	599.000
29	599.000
31	599.000
39	599.000
45	599.000
3	600.000
16	600.000
20	600.000
28	600.000
29	600.000
40	600.000
41	600.000
43	600.000
46	600.000
47	600.000
50	600.000
5	601.000
10	601.000
26	601.000
6	602.000
12	602.000
17	602.000
18	602.000
25	602.000
42	602.000
44	602.000
46	602.000
47	602.000
48	602.000
3	603.000
7	603.000
10	603.000
17	603.000
19	603.000
20	603.000
46	603.000
4	604.000
26	604.000
40	604.000
41	604.000
50	604.000
3	605.000
6	605.000
11	605.000
16	605.000
30	605.000
32	605.000
34	605.000
14	606.000
16	606.000
24	606.000
33	606.000
49	606.000
3	607.000
7	607.000
9	607.000
16	607.000
21	607.000
29	607.000
39	607.000
46	607.000
50	607.000
6	608.000
12	608.000
13	608.000
25	608.000
29	608.000
37	608.000
43	608.000
45	608.000
48	608.000
4	609.000
7	609.000
10	609.000
11	609.000
12	609.000
14	609.000
24	609.000
30	609.000
47	609.000
48	609.000
11	610.000
15	610.000
17	610.000
26	610.000
28	610.000
30	610.000
33	610.000
3	611.000
13	611.000
17	611.000
20	611.000
21	611.000
23	611.000
25	611.000
27	611.000
33	611.000
34	611.000
47	611.000
2	612.000
13	612.000
19	612.000
23	612.000
27	612.000
36	612.000
40	612.000
48	612.000
49	612.000
7	613.000
16	613.000
28	613.000
29	613.000
3	614.000
13	614.000
16	614.000
18	614.000
23	614.000
35	614.000
37	614.000
39	614.000
48	614.000
4	615.000
10	615.000
12	615.000
20	615.000
34	615.000
50	615.000
7	616.000
12	616.000
13	616.000
14	616.000
16	616.000
22	616.000
24	616.000
27	616.000
31	616.000
37	616.000
38	616.000
7	617.000
24	617.000
25	617.000
31	617.000
33	617.000
35	617.000
40	617.000
4	618.000
8	618.000
10	618.000
33	618.000
34	618.000
35	618.000
36	618.000
44	618.000
48	618.000
1	619.000
10	619.000
18	619.000
20	619.000
33	619.000
36	619.000
3	620.000
7	620.000
17	620.000
20	620.000
33	620.000
45	620.000
46	620.000
2	621.000
20	621.000
40	621.000
42	621.000
47	621.000
49	621.000
3	622.000
8	622.000
14	622.000
26	622.000
32	622.000
46	622.000
11	623.000
13	623.000
22	623.000
31	623.000
32	623.000
33	623.000
38	623.000
42	623.000
43	623.000
48	623.000
5	624.000
12	624.000
24	624.000
28	624.000
30	624.000
32	624.000
48	624.000
2	625.000
17	625.000
21	625.000
23	625.000
26	625.000
39	625.000
41	625.000
45	625.000
5	626.000
21	626.000
33	626.000
34	626.000
47	626.000
48	626.000
19	627.000
21	627.000
26	627.000
29	627.000
31	627.000
35	627.000
38	627.000
41	627.000
1	628.000
14	628.000
27	628.000
48	628.000
2	629.000
10	629.000
23	629.000
38	629.000
5	630.000
13	630.000
23	630.000
36	630.000
47	630.000
4	631.000
13	631.000
17	631.000
22	631.000
28	631.000
31	631.000
33	631.000
40	631.000
3	632.000
11	632.000
13	632.000
16	632.000
21	632.000
2	633.000
13	633.000
16	633.000
19	633.000
20	633.000
23	633.000
26	633.000
31	633.000
38	633.000
40	633.000
4	634.000
9	634.000
15	634.000
28	634.000
34	634.000
40	634.000
47	634.000
7	635.000
10	635.000
14	635.000
38	635.000
43	635.000
4	636.000
18	636.000
25	636.000
35	636.000
42	636.000
43	636.000
48	636.000
26	637.000
29	637.000
36	637.000
45	637.000
3	638.000
8	638.000
22	638.000
24	638.000
27	638.000
28	638.000
37	638.000
43	638.000
11	639.000
20	639.000
24	639.000
27	639.000
30	639.000
36	639.000
1	640.000
2	640.000
5	640.000
18	640.000
19	640.000
22	640.000
27	640.000
32	640.000
46	640.000
5	641.000
8	641.000
11	641.000
25	641.000
34	641.000
36	641.000
37	641.000
42	641.000
49	641.000
11	642.000
16	642.000
29	642.000
33	642.000
41	642.000
44	642.000
9	643.000
10	643.000
13	643.000
16	643.000
30	643.000
32	643.000
34	643.000
36	643.000
43	643.000
1	644.000
7	644.000
13	644.000
16	644.000
24	644.000
35	644.000
38	644.000
46	644.000
6	645.000
16	645.000
29	645.000
31	645.000
32	645.000
38	645.000
48	645.000
2	646.000
4	646.000
9	646.000
18	646.000
28	646.000
30	646.000
34	646.000
37	646.000
43	646.000
22	647.000
30	647.000
31	647.000
41	647.000
43	647.000
4	648.000
9	648.000
13	648.000
16	648.000
24	648.000
28	648.000
32	648.000
45	648.000
4	649.000
5	649.000
8	649.000
32	649.000
33	649.000
47	649.000
5	650.000
8	650.000
13	650.000
17	650.000
24	650.000
29	650.000
31	650.000
32	650.000
34	650.000
41	650.000
2	651.000
7	651.000
9	651.000
19	651.000
21	651.000
37	651.000
49	651.000
50	651.000
24	652.000
29	652.000
34	652.000
36	652.000
38	652.000
47	652.000
7	653.000
15	653.000
18	653.000
25	653.000
28	653.000
33	653.000
37	653.000
9	654.000
12	654.000
14	654.000
20	654.000
23	654.000
29	654.000
31	654.000
33	654.000
46	654.000
49	654.000
4	655.000
7	655.000
15	655.000
20	655.000
28	655.000
30	655.000
36	655.000
40	655.000
48	655.000
1	656.000
9	656.000
11	656.000
19	656.000
21	656.000
34	656.000
42	656.000
9	657.000
13	657.000
16	657.000
38	657.000
50	657.000
4	658.000
6	658.000
8	658.000
24	658.000
28	658.000
38	658.000
41	658.000
45	658.000
1	659.000
3	659.000
6	659.000
22	659.000
25	659.000
33	659.000
39	659.000
48	659.000
3	660.000
5	660.000
11	660.000
18	660.000
28	660.000
37	660.000
45	660.000
48	660.000
4	661.000
13	661.000
14	661.000
21	661.000
25	661.000
33	661.000
37	661.000
38	661.000
49	661.000
4	662.000
7	662.000
9	662.000
12	662.000
13	662.000
16	662.000
18	662.000
28	662.000
35	662.000
40	662.000
42	662.000
50	662.000
7	663.000
15	663.000
18	663.000
26	663.000
39	663.000
45	663.000
1	664.000
6	664.000
13	664.000
17	664.000
26	664.000
34	664.000
36	664.000
50	664.000
3	665.000
16	665.000
20	665.000
32	665.000
35	665.000
36	665.000
37	665.000
38	665.000
43	665.000
47	665.000
3	666.000
7	666.000
8	666.000
11	666.000
34	666.000
39	666.000
45	666.000
48	666.000
1	667.000
4	667.000
10	667.000
12	667.000
20	667.000
32	667.000
45	667.000
48	667.000
4	668.000
9	668.000
22	668.000
27	668.000
44	668.000
2	669.000
8	669.000
17	669.000
28	669.000
29	669.000
33	669.000
37	669.000
38	669.000
50	669.000
5	670.000
11	670.000
24	670.000
33	670.000
34	670.000
49	670.000
50	670.000
10	671.000
11	671.000
17	671.000
31	671.000
32	671.000
33	671.000
40	671.000
42	671.000
20	672.000
24	672.000
28	672.000
37	672.000
40	672.000
43	672.000
46	672.000
49	672.000
8	673.000
24	673.000
25	673.000
30	673.000
34	673.000
3	674.000
17	674.000
26	674.000
41	674.000
5	675.000
13	675.000
18	675.000
21	675.000
25	675.000
31	675.000
32	675.000
38	675.000
50	675.000
5	676.000
37	676.000
40	676.000
41	676.000
47	676.000
48	676.000
49	676.000
18	677.000
23	677.000
39	677.000
7	678.000
12	678.000
19	678.000
33	678.000
4	679.000
13	679.000
17	679.000
25	679.000
36	679.000
37	679.000
41	679.000
6	680.000
14	680.000
48	680.000
50	680.000
6	681.000
7	681.000
8	681.000
11	681.000
18	681.000
20	681.000
42	681.000
44	681.000
49	681.000
50	681.000
1	682.000
6	682.000
10	682.000
13	682.000
16	682.000
18	682.000
29	682.000
32	682.000
34	682.000
43	682.000
9	683.000
13	683.000
22	683.000
31	683.000
43	683.000
2	684.000
3	684.000
4	684.000
8	684.000
11	684.000
12	684.000
17	684.000
18	684.000
26	684.000
35	684.000
42	684.000
46	684.000
15	685.000
23	685.000
32	685.000
2	686.000
5	686.000
6	686.000
7	686.000
10	686.000
11	686.000
19	686.000
23	686.000
38	686.000
41	686.000
44	686.000
12	687.000
40	687.000
49	687.000
9	688.000
18	688.000
25	688.000
33	688.000
50	688.000
1	689.000
19	689.000
32	689.000
48	689.000
50	689.000
6	690.000
7	690.000
9	690.000
11	690.000
27	690.000
37	690.000
39	690.000
42	690.000
3	691.000
4	691.000
5	691.000
7	691.000
11	691.000
26	691.000
49	691.000
5	692.000
18	692.000
30	692.000
34	692.000
41	692.000
42	692.000
3	693.000
17	693.000
18	693.000
23	693.000
26	693.000
32	693.000
36	693.000
50	693.000
7	694.000
11	694.000
15	694.000
30	694.000
33	694.000
1	695.000
3	695.000
4	695.000
5	695.000
6	695.000
19	695.000
21	695.000
23	695.000
30	695.000
33	695.000
2	696.000
4	696.000
6	696.000
19	696.000
20	696.000
36	696.000
37	696.000
42	696.000
2	697.000
5	697.000
11	697.000
12	697.000
16	697.000
25	697.000
30	697.000
32	697.000
5	698.000
11	698.000
15	698.000
24	698.000
34	698.000
40	698.000
3	699.000
5	699.000
8	699.000
9	699.000
14	699.000
18	699.000
22	699.000
25	699.000
26	699.000
44	699.000
47	699.000
48	699.000
50	699.000
2	700.000
5	700.000
9	700.000
10	700.000
23	700.000
34	700.000
43	700.000
45	700.000
49	700.000
1	701.000
22	701.000
38	701.000
39	701.000
49	701.000
4	702.000
12	702.000
26	702.000
27	702.000
30	702.000
33	702.000
37	702.000
41	702.000
1	703.000
4	703.000
19	703.000
30	703.000
38	703.000
39	703.000
46	703.000
8	704.000
21	704.000
23	704.000
46	704.000
48	704.000
9	705.000
16	705.000
31	705.000
32	705.000
42	705.000
46	705.000
49	705.000
7	706.000
9	706.000
15	706.000
29	706.000
36	706.000
37	706.000
40	706.000
1	707.000
18	707.000
20	707.000
26	707.000
27	707.000
28	707.000
29	707.000
33	707.000
40	707.000
44	707.000
47	707.000
49	707.000
15	708.000
17	708.000
26	708.000
27	708.000
28	708.000
30	708.000
32	708.000
6	709.000
8	709.000
20	709.000
26	709.000
30	709.000
35	709.000
36	709.000
37	709.000
45	709.000
3	710.000
15	710.000
18	710.000
24	710.000
25	710.000
27	710.000
31	710.000
45	710.000
48	710.000
4	711.000
16	711.000
17	711.000
26	711.000
30	711.000
32	711.000
37	711.000
41	711.000
4	712.000
20	712.000
23	712.000
27	712.000
28	712.000
32	712.000
35	712.000
40	712.000
41	712.000
48	712.000
6	713.000
19	713.000
31	713.000
40	713.000
48	713.000
1	714.000
6	714.000
13	714.000
22	714.000
27	714.000
33	714.000
36	714.000
48	714.000
14	715.000
24	715.000
25	715.000
33	715.000
36	715.000
12	716.000
20	716.000
24	716.000
41	716.000
42	716.000
50	716.000
3	717.000
24	717.000
27	717.000
30	717.000
38	717.000
41	717.000
45	717.000
1	718.000
7	718.000
12	718.000
14	718.000
24	718.000
30	718.000
1	719.000
4	719.000
5	719.000
7	719.000
10	719.000
14	719.000
20	719.000
39	719.000
4	720.000
13	720.000
19	720.000
26	720.000
30	720.000
37	720.000
40	720.000
42	720.000
43	720.000
45	720.000
2	721.000
4	721.000
22	721.000
33	721.000
50	721.000
7	722.000
16	722.000
24	722.000
46	722.000
1	723.000
9	723.000
16	723.000
35	723.000
36	723.000
49	723.000
50	723.000
2	724.000
5	724.000
16	724.000
28	724.000
45	724.000
50	724.000
5	725.000
6	725.000
9	725.000
20	725.000
22	725.000
25	725.000
48	725.000
49	725.000
2	726.000
6	726.000
7	726.000
32	726.000
40	726.000
45	726.000
17	727.000
18	727.000
41	727.000
50	727.000
7	728.000
9	728.000
18	728.000
27	728.000
33	728.000
43	728.000
45	728.000
2	729.000
7	729.000
9	729.000
10	729.000
18	729.000
22	729.000
26	729.000
34	729.000
36	729.000
46	729.000
48	729.000
6	730.000
12	730.000
13	730.000
14	730.000
27	730.000
28	730.000
41	730.000
42	730.000
3	731.000
13	731.000
17	731.000
27	731.000
28	731.000
21	732.000
24	732.000
29	732.000
30	732.000
36	732.000
41	732.000
43	732.000
48	732.000
1	733.000
4	733.000
11	734.000
18	734.000
22	734.000
24	734.000
28	734.000
42	734.000
49	734.000
50	734.000
17	735.000
18	735.000
27	735.000
28	735.000
32	735.000
37	735.000
40	735.000
45	735.000
1	736.000
7	736.000
8	736.000
10	736.000
25	736.000
26	736.000
38	736.000
41	736.000
45	736.000
19	737.000
22	737.000
31	737.000
43	737.000
13	738.000
22	738.000
35	738.000
38	738.000
46	738.000
9	739.000
18	739.000
24	739.000
25	739.000
26	739.000
27	739.000
38	739.000
6	740.000
7	740.000
12	740.000
15	740.000
16	740.000
22	740.000
30	740.000
43	740.000
44	740.000
45	740.000
46	740.000
47	740.000
48	740.000
11	741.000
13	741.000
17	741.000
22	741.000
25	741.000
40	741.000
50	741.000
4	742.000
6	742.000
12	742.000
17	742.000
22	742.000
30	742.000
32	742.000
33	742.000
38	742.000
39	742.000
41	742.000
7	743.000
21	743.000
23	743.000
34	743.000
42	743.000
46	743.000
47	743.000
48	743.000
3	744.000
9	744.000
21	744.000
39	744.000
48	744.000
4	745.000
5	745.000
8	745.000
17	745.000
29	745.000
35	745.000
44	745.000
48	745.000
8	746.000
15	746.000
24	746.000
36	746.000
41	746.000
44	746.000
50	746.000
2	747.000
10	747.000
14	747.000
15	747.000
21	747.000
34	747.000
39	747.000
46	747.000
48	747.000
49	747.000
1	748.000
19	748.000
22	748.000
33	748.000
4	749.000
25	749.000
28	749.000
35	749.000
41	749.000
47	749.000
5	750.000
14	750.000
18	750.000
21	750.000
26	750.000
30	750.000
34	750.000
39	750.000
4	751.000
23	751.000
27	751.000
37	751.000
46	751.000
47	751.000
50	751.000
5	752.000
14	752.000
24	752.000
27	752.000
28	752.000
35	752.000
42	752.000
45	752.000
49	752.000
4	753.000
14	753.000
24	753.000
46	753.000
7	754.000
18	754.000
21	754.000
33	754.000
36	754.000
46	754.000
48	754.000
3	755.000
23	755.000
27	755.000
32	755.000
47	755.000
7	756.000
15	756.000
25	756.000
26	756.000
33	756.000
37	756.000
40	756.000
15	757.000
16	757.000
23	757.000
31	757.000
33	757.000
37	757.000
23	758.000
26	758.000
32	758.000
33	758.000
35	758.000
39	758.000
42	758.000
47	758.000
49	758.000
50	758.000
5	759.000
9	759.000
20	759.000
32	759.000
45	759.000
46	759.000
3	760.000
16	760.000
24	760.000
27	760.000
29	760.000
37	760.000
42	760.000
1	761.000
7	761.000
18	761.000
19	761.000
34	761.000
42	761.000
12	762.000
15	762.000
20	762.000
27	762.000
32	762.000
34	762.000
38	762.000
43	762.000
47	762.000
4	763.000
11	763.000
12	763.000
33	763.000
39	763.000
43	763.000
45	763.000
3	764.000
7	764.000
13	764.000
16	764.000
26	764.000
33	764.000
39	764.000
43	764.000
4	765.000
10	765.000
12	765.000
23	765.000
26	765.000
32	765.000
39	765.000
42	765.000
6	766.000
8	766.000
11	766.000
22	766.000
29	766.000
30	766.000
36	766.000
40	766.000
5	767.000
23	767.000
32	767.000
41	767.000
45	767.000
50	767.000
7	768.000
8	768.000
12	768.000
16	768.000
23	768.000
27	768.000
39	768.000
43	768.000
46	768.000
50	768.000
14	769.000
17	769.000
32	769.000
38	769.000
50	769.000
6	770.000
10	770.000
15	770.000
21	770.000
25	770.000
49	770.000
50	770.000
3	771.000
4	771.000
7	771.000
25	771.000
30	771.000
31	771.000
32	771.000
34	771.000
41	771.000
19	772.000
23	772.000
38	772.000
41	772.000
45	772.000
10	773.000
12	773.000
15	773.000
34	773.000
39	773.000
42	773.000
43	773.000
46	773.000
49	773.000
22	774.000
30	774.000
31	774.000
32	774.000
5	775.000
6	775.000
8	775.000
18	775.000
22	775.000
23	775.000
25	775.000
28	775.000
30	775.000
32	775.000
37	775.000
40	775.000
41	775.000
2	776.000
4	776.000
13	776.000
16	776.000
36	776.000
39	776.000
43	776.000
44	776.000
46	776.000
5	777.000
6	777.000
10	777.000
22	777.000
23	777.000
27	777.000
29	777.000
39	777.000
4	778.000
9	778.000
19	778.000
35	778.000
37	778.000
44	778.000
8	779.000
32	779.000
39	779.000
44	779.000
45	779.000
4	780.000
5	780.000
30	780.000
32	780.000
38	780.000
39	780.000
49	780.000
50	780.000
5	781.000
21	781.000
32	781.000
33	781.000
40	781.000
2	782.000
4	782.000
26	782.000
43	782.000
47	782.000
27	783.000
33	783.000
39	783.000
42	783.000
10	784.000
11	784.000
32	784.000
42	784.000
2	785.000
5	785.000
17	785.000
18	785.000
32	785.000
40	785.000
43	785.000
21	786.000
24	786.000
31	786.000
38	786.000
6	787.000
28	787.000
35	787.000
38	787.000
41	787.000
8	788.000
11	788.000
24	788.000
35	788.000
49	788.000
2	789.000
5	789.000
14	789.000
21	789.000
26	789.000
27	789.000
28	789.000
31	789.000
37	789.000
50	789.000
29	790.000
37	790.000
42	790.000
46	790.000
4	791.000
11	791.000
13	791.000
16	791.000
26	791.000
31	791.000
5	792.000
19	792.000
1	793.000
20	793.000
25	793.000
28	793.000
39	793.000
4	794.000
10	794.000
13	794.000
21	794.000
24	794.000
26	794.000
32	794.000
34	794.000
41	794.000
44	794.000
48	794.000
13	795.000
15	795.000
18	795.000
22	795.000
23	795.000
25	795.000
34	795.000
48	795.000
49	795.000
5	796.000
28	796.000
42	796.000
5	797.000
20	797.000
25	797.000
27	797.000
30	797.000
33	797.000
46	797.000
4	798.000
14	798.000
21	798.000
25	798.000
27	798.000
42	798.000
49	798.000
8	799.000
9	799.000
11	799.000
18	799.000
25	799.000
33	799.000
41	799.000
46	799.000
17	800.000
28	800.000
29	800.000
32	800.000
36	800.000
38	800.000
45	800.000
22	801.000
26	801.000
30	801.000
32	801.000
34	801.000
35	801.000
36	801.000
38	801.000
45	801.000
49	801.000
3	802.000
4	802.000
11	802.000
16	802.000
17	802.000
1	803.000
16	803.000
19	803.000
21	803.000
28	803.000
32	803.000
40	803.000
50	803.000
5	804.000
6	804.000
10	804.000
14	804.000
33	804.000
6	805.000
22	805.000
26	805.000
35	805.000
40	805.000
47	805.000
50	805.000
5	806.000
16	806.000
34	806.000
3	807.000
8	807.000
12	807.000
13	807.000
14	807.000
30	807.000
35	807.000
1	808.000
3	808.000
20	808.000
21	808.000
32	808.000
46	808.000
10	809.000
19	809.000
24	809.000
27	809.000
28	809.000
34	809.000
8	810.000
19	810.000
20	810.000
25	810.000
32	810.000
36	810.000
4	811.000
6	811.000
19	811.000
22	811.000
35	811.000
44	811.000
46	811.000
3	812.000
12	812.000
19	812.000
27	812.000
40	812.000
1	813.000
6	813.000
7	813.000
12	813.000
13	813.000
18	813.000
34	813.000
36	813.000
37	813.000
39	813.000
43	813.000
44	813.000
45	813.000
49	813.000
12	814.000
25	814.000
34	814.000
36	814.000
42	814.000
46	814.000
50	814.000
8	815.000
10	815.000
12	815.000
25	815.000
27	815.000
30	815.000
33	815.000
36	815.000
38	815.000
39	815.000
13	816.000
14	816.000
28	816.000
38	816.000
41	816.000
43	816.000
48	816.000
50	816.000
12	817.000
23	817.000
25	817.000
48	817.000
3	818.000
5	818.000
8	818.000
14	818.000
18	818.000
28	818.000
29	818.000
34	818.000
44	818.000
47	818.000
14	819.000
19	819.000
22	819.000
25	819.000
27	819.000
31	819.000
32	819.000
41	819.000
43	819.000
48	819.000
11	820.000
14	820.000
15	820.000
21	820.000
24	820.000
27	820.000
29	820.000
44	820.000
1	821.000
3	821.000
12	821.000
19	821.000
27	821.000
46	821.000
47	821.000
1	822.000
4	822.000
18	822.000
19	822.000
38	822.000
43	822.000
47	822.000
3	823.000
4	823.000
7	823.000
24	823.000
26	823.000
28	823.000
30	823.000
48	823.000
5	824.000
6	824.000
10	824.000
11	824.000
16	824.000
19	824.000
26	824.000
32	824.000
34	824.000
39	824.000
4	825.000
5	825.000
14	825.000
19	825.000
28	825.000
31	825.000
32	825.000
37	825.000
45	825.000
2	826.000
7	826.000
15	826.000
16	826.000
35	826.000
44	826.000
10	827.000
12	827.000
30	827.000
17	828.000
25	828.000
35	828.000
45	828.000
2	829.000
12	829.000
17	829.000
23	829.000
39	829.000
50	829.000
5	830.000
16	830.000
35	830.000
7	831.000
13	831.000
14	831.000
17	831.000
24	831.000
25	831.000
28	831.000
36	831.000
45	831.000
21	832.000
24	832.000
26	832.000
27	832.000
41	832.000
43	832.000
49	832.000
7	833.000
11	833.000
14	833.000
29	833.000
32	833.000
40	833.000
41	833.000
48	833.000
13	834.000
16	834.000
19	834.000
21	834.000
31	834.000
37	834.000
14	835.000
28	835.000
31	835.000
39	835.000
40	835.000
4	836.000
5	836.000
22	836.000
33	836.000
34	836.000
40	836.000
42	836.000
3	837.000
19	837.000
8	838.000
13	838.000
29	838.000
32	838.000
33	838.000
36	838.000
47	838.000
48	838.000
5	839.000
6	839.000
9	839.000
25	839.000
34	839.000
35	839.000
38	839.000
41	839.000
42	839.000
46	839.000
47	839.000
50	839.000
8	840.000
20	840.000
38	840.000
6	841.000
23	841.000
29	841.000
32	841.000
41	841.000
43	841.000
48	841.000
1	842.000
2	842.000
8	842.000
11	842.000
19	842.000
20	842.000
21	842.000
26	842.000
46	842.000
47	842.000
48	842.000
20	843.000
23	843.000
32	843.000
41	843.000
42	843.000
7	844.000
26	844.000
27	844.000
29	844.000
13	845.000
33	845.000
10	846.000
13	846.000
31	846.000
32	846.000
12	847.000
13	847.000
15	847.000
38	847.000
49	847.000
14	848.000
25	848.000
43	848.000
47	848.000
49	848.000
50	848.000
3	849.000
6	849.000
29	849.000
40	849.000
3	850.000
7	850.000
19	850.000
20	850.000
33	850.000
3	851.000
4	851.000
7	851.000
9	851.000
24	851.000
38	851.000
7	852.000
24	852.000
41	852.000
47	852.000
2	853.000
12	853.000
29	853.000
48	853.000
1	854.000
19	854.000
32	854.000
35	854.000
36	854.000
38	854.000
2	855.000
5	855.000
7	855.000
10	855.000
19	855.000
42	855.000
44	855.000
23	856.000
28	856.000
33	856.000
36	856.000
40	856.000
47	856.000
48	856.000
21	857.000
22	857.000
27	857.000
37	857.000
48	857.000
17	858.000
44	858.000
47	858.000
49	858.000
2	859.000
9	859.000
16	859.000
18	859.000
26	859.000
37	859.000
41	859.000
1	860.000
9	860.000
18	860.000
24	860.000
41	860.000
4	861.000
9	861.000
19	861.000
24	861.000
30	861.000
38	861.000
6	862.000
9	862.000
32	862.000
37	862.000
7	863.000
10	863.000
41	863.000
44	863.000
2	864.000
21	864.000
43	864.000
44	865.000
49	865.000
1	866.000
2	866.000
12	866.000
22	866.000
29	866.000
30	866.000
38	866.000
44	866.000
47	866.000
3	867.000
7	867.000
16	867.000
35	867.000
41	867.000
49	867.000
8	868.000
15	868.000
29	868.000
30	868.000
33	868.000
35	868.000
45	868.000
47	868.000
50	868.000
32	869.000
45	869.000
47	869.000
23	870.000
26	870.000
28	870.000
4	871.000
22	871.000
47	871.000
1	872.000
4	872.000
22	872.000
27	872.000
40	872.000
45	872.000
4	873.000
16	873.000
21	873.000
25	873.000
42	873.000
32	874.000
45	874.000
4	875.000
8	875.000
12	875.000
15	875.000
20	875.000
36	875.000
37	875.000
38	875.000
39	875.000
7	876.000
10	876.000
12	876.000
13	876.000
21	876.000
48	876.000
49	876.000
50	876.000
11	877.000
21	877.000
26	877.000
43	877.000
15	878.000
23	878.000
29	878.000
30	878.000
48	878.000
2	879.000
14	879.000
48	879.000
50	879.000
6	880.000
34	880.000
36	880.000
37	880.000
1	881.000
3	881.000
11	881.000
14	881.000
46	881.000
48	881.000
13	882.000
21	882.000
33	882.000
8	883.000
17	883.000
25	883.000
29	883.000
3	884.000
28	884.000
41	884.000
42	884.000
4	885.000
7	885.000
9	885.000
16	885.000
28	885.000
33	885.000
40	885.000
1	886.000
6	886.000
24	886.000
30	886.000
47	886.000
1	887.000
14	887.000
33	887.000
38	887.000
43	887.000
50	887.000
34	888.000
46	888.000
9	889.000
17	889.000
31	889.000
36	889.000
11	890.000
13	890.000
42	890.000
47	890.000
33	891.000
16	892.000
26	892.000
49	892.000
10	893.000
38	893.000
43	893.000
44	893.000
18	894.000
41	894.000
42	894.000
43	894.000
10	895.000
22	895.000
31	895.000
40	895.000
49	895.000
12	896.000
22	896.000
23	896.000
25	896.000
43	896.000
48	896.000
50	896.000
3	897.000
8	897.000
12	897.000
14	897.000
27	897.000
33	897.000
50	897.000
15	898.000
20	898.000
23	898.000
32	898.000
34	898.000
44	898.000
47	898.000
49	898.000
8	899.000
27	899.000
46	899.000
19	900.000
25	900.000
26	900.000
28	900.000
33	900.000
37	900.000
41	900.000
2	901.000
12	901.000
15	901.000
28	901.000
29	901.000
1	902.000
9	902.000
11	902.000
13	902.000
15	902.000
23	902.000
35	902.000
36	902.000
49	902.000
16	903.000
18	903.000
50	903.000
7	904.000
14	904.000
28	904.000
41	904.000
6	905.000
12	905.000
17	905.000
20	905.000
32	905.000
42	905.000
49	905.000
5	906.000
8	906.000
12	906.000
14	906.000
20	906.000
31	906.000
38	906.000
42	906.000
46	906.000
8	907.000
39	907.000
5	908.000
17	908.000
3	909.000
6	909.000
13	909.000
17	909.000
24	909.000
39	909.000
42	909.000
50	909.000
4	910.000
11	910.000
16	910.000
35	910.000
46	910.000
47	910.000
49	910.000
4	911.000
6	911.000
16	911.000
17	911.000
19	911.000
26	911.000
38	911.000
41	911.000
48	911.000
11	912.000
20	912.000
4	913.000
11	913.000
12	913.000
19	913.000
42	913.000
45	913.000
46	913.000
11	914.000
14	914.000
20	914.000
4	915.000
24	915.000
28	915.000
32	915.000
38	915.000
49	915.000
16	916.000
20	916.000
21	916.000
7	917.000
19	917.000
10	918.000
28	918.000
33	918.000
43	918.000
6	919.000
10	919.000
42	919.000
48	919.000
4	920.000
20	920.000
21	920.000
22	920.000
26	920.000
1	921.000
3	921.000
14	921.000
22	921.000
23	921.000
39	921.000
8	922.000
20	922.000
26	922.000
40	922.000
45	922.000
49	922.000
5	923.000
13	923.000
37	923.000
42	923.000
6	924.000
8	924.000
27	924.000
29	924.000
40	924.000
3	925.000
7	925.000
27	925.000
30	925.000
6	926.000
7	926.000
16	926.000
20	926.000
35	926.000
37	926.000
42	926.000
11	928.000
29	928.000
34	928.000
35	928.000
41	928.000
44	928.000
45	928.000
48	928.000
23	929.000
30	929.000
33	929.000
36	929.000
47	929.000
50	929.000
18	930.000
23	930.000
24	930.000
36	930.000
35	931.000
37	931.000
48	931.000
5	932.000
15	932.000
27	932.000
33	932.000
41	932.000
45	932.000
9	933.000
21	933.000
38	933.000
50	933.000
4	934.000
6	934.000
18	934.000
30	934.000
39	934.000
12	935.000
21	935.000
28	935.000
29	935.000
33	935.000
42	935.000
45	935.000
49	935.000
12	936.000
14	936.000
21	936.000
35	936.000
4	937.000
24	937.000
49	937.000
27	938.000
3	939.000
11	939.000
14	939.000
1	940.000
6	940.000
19	940.000
22	940.000
33	940.000
18	941.000
23	941.000
37	941.000
40	941.000
49	941.000
2	942.000
27	942.000
36	942.000
49	942.000
4	943.000
21	943.000
23	943.000
24	943.000
5	944.000
10	944.000
26	944.000
33	944.000
36	944.000
48	944.000
5	945.000
15	945.000
28	945.000
33	945.000
42	945.000
46	945.000
45	946.000
4	947.000
15	947.000
23	947.000
42	947.000
30	948.000
31	948.000
43	948.000
8	949.000
13	949.000
39	949.000
6	950.000
25	951.000
32	951.000
37	951.000
41	951.000
10	952.000
17	952.000
11	953.000
26	953.000
29	953.000
37	953.000
49	953.000
29	954.000
44	954.000
8	955.000
10	955.000
15	955.000
23	955.000
31	955.000
17	956.000
36	956.000
37	956.000
22	957.000
27	957.000
50	957.000
15	958.000
42	958.000
46	958.000
40	959.000
42	959.000
47	959.000
48	959.000
18	960.000
19	960.000
41	960.000
11	961.000
21	962.000
26	962.000
39	962.000
2	963.000
3	963.000
4	963.000
8	963.000
11	963.000
30	963.000
41	963.000
24	964.000
25	964.000
45	964.000
9	965.000
19	965.000
28	965.000
32	965.000
37	965.000
47	965.000
11	966.000
46	966.000
50	966.000
15	967.000
25	967.000
37	967.000
39	967.000
46	967.000
19	968.000
34	968.000
1	969.000
3	969.000
12	969.000
14	969.000
39	969.000
41	969.000
12	970.000
18	970.000
22	970.000
27	970.000
4	971.000
32	971.000
38	971.000
48	971.000
6	972.000
16	972.000
17	972.000
20	972.000
25	972.000
29	972.000
38	972.000
43	972.000
25	973.000
26	973.000
48	973.000
23	974.000
14	976.000
45	976.000
10	977.000
19	977.000
41	977.000
2	978.000
31	978.000
34	979.000
41	979.000
48	979.000
50	979.000
28	980.000
31	980.000
40	981.000
36	982.000
40	983.000
48	984.000
8	985.000
9	985.000
22	985.000
11	986.000
23	986.000
28	986.000
40	987.000
18	988.000
37	988.000
47	988.000
5	989.000
7	989.000
8	989.000
37	989.000
1	990.000
8	990.000
10	990.000
14	990.000
38	990.000
21	991.000
28	991.000
36	991.000
38	991.000
41	991.000
49	991.000
2	992.000
5	992.000
42	992.000
6	993.000
11	993.000
16	993.000
24	993.000
41	993.000
49	993.000
26	994.000
43	995.000
39	996.000
44	996.000
7	997.000
8	997.000
26	997.000
6	998.000
20	998.000
21	998.000
44	998.000
8	999.000
31	999.000
37	999.000
42	999.000
4	1000.000
30	1000.000
34	1000.000
7	1001.000
11	1001.000
34	1001.000
6	1002.000
19	1002.000
32	1002.000
36	1002.000
38	1002.000
45	1002.000
7	1003.000
10	1003.000
34	1003.000
47	1003.000
30	1005.000
11	1006.000
26	1006.000
30	1006.000
41	1006.000
3	1007.000
13	1007.000
35	1007.000
1	1008.000
29	1008.000
47	1008.000
36	1009.000
27	1010.000
32	1010.000
7	1011.000
14	1011.000
7	1012.000
17	1012.000
23	1012.000
4	1013.000
10	1013.000
24	1013.000
26	1013.000
17	1014.000
25	1014.000
7	1015.000
12	1015.000
20	1015.000
42	1015.000
46	1015.000
25	1016.000
40	1016.000
49	1016.000
1	1017.000
9	1017.000
18	1017.000
30	1017.000
6	1018.000
13	1018.000
16	1018.000
40	1018.000
23	1019.000
9	1020.000
22	1020.000
30	1021.000
32	1021.000
3	1022.000
18	1022.000
19	1022.000
25	1022.000
31	1022.000
34	1022.000
35	1022.000
46	1022.000
50	1022.000
17	1023.000
4	1024.000
19	1024.000
28	1024.000
29	1024.000
3	1025.000
49	1025.000
16	1026.000
29	1026.000
45	1026.000
9	1027.000
39	1027.000
16	1028.000
28	1028.000
29	1028.000
37	1028.000
2	1029.000
31	1029.000
33	1029.000
45	1029.000
7	1030.000
8	1030.000
22	1030.000
36	1030.000
41	1030.000
10	1031.000
10	1032.000
17	1032.000
19	1032.000
25	1032.000
32	1032.000
15	1033.000
11	1034.000
13	1034.000
17	1034.000
39	1034.000
43	1034.000
28	1035.000
33	1035.000
22	1036.000
29	1036.000
15	1037.000
37	1037.000
28	1038.000
30	1038.000
22	1039.000
25	1039.000
35	1039.000
40	1039.000
3	1040.000
3	1041.000
9	1041.000
15	1041.000
20	1041.000
38	1041.000
10	1042.000
20	1042.000
32	1042.000
45	1042.000
24	1044.000
33	1044.000
38	1044.000
23	1046.000
42	1046.000
9	1047.000
17	1047.000
43	1047.000
18	1048.000
29	1049.000
34	1049.000
47	1049.000
4	1050.000
7	1050.000
12	1050.000
15	1050.000
5	1051.000
10	1051.000
15	1051.000
21	1051.000
34	1051.000
38	1051.000
8	1052.000
13	1052.000
16	1052.000
39	1052.000
25	1053.000
18	1054.000
14	1055.000
27	1055.000
36	1055.000
43	1055.000
31	1056.000
16	1057.000
18	1057.000
21	1057.000
31	1057.000
35	1057.000
37	1057.000
23	1058.000
5	1059.000
7	1059.000
11	1059.000
33	1059.000
21	1060.000
37	1060.000
43	1061.000
47	1061.000
4	1062.000
5	1062.000
7	1062.000
20	1062.000
25	1062.000
18	1063.000
38	1063.000
20	1064.000
31	1064.000
35	1065.000
45	1065.000
9	1066.000
27	1068.000
1	1069.000
24	1070.000
32	1070.000
48	1070.000
8	1071.000
5	1073.000
37	1073.000
49	1073.000
18	1074.000
1	1076.000
7	1077.000
45	1077.000
9	1078.000
20	1078.000
22	1078.000
23	1078.000
14	1079.000
42	1079.000
44	1079.000
50	1079.000
15	1080.000
28	1081.000
36	1081.000
47	1081.000
3	1082.000
6	1082.000
11	1082.000
45	1082.000
9	1083.000
10	1083.000
19	1083.000
23	1084.000
30	1084.000
48	1084.000
2	1085.000
43	1085.000
4	1086.000
12	1086.000
27	1086.000
18	1088.000
23	1089.000
28	1089.000
43	1090.000
4	1092.000
15	1092.000
29	1092.000
11	1093.000
45	1093.000
7	1095.000
31	1095.000
38	1095.000
47	1095.000
7	1096.000
22	1096.000
39	1097.000
48	1097.000
7	1100.000
19	1100.000
3	1101.000
9	1101.000
48	1101.000
21	1102.000
2	1103.000
7	1103.000
16	1103.000
21	1103.000
3	1105.000
14	1105.000
44	1105.000
1	1107.000
15	1107.000
29	1107.000
35	1107.000
8	1108.000
44	1108.000
21	1110.000
44	1110.000
28	1111.000
47	1111.000
11	1112.000
30	1113.000
44	1113.000
49	1114.000
3	1116.000
11	1116.000
50	1116.000
50	1117.000
16	1118.000
36	1118.000
45	1118.000
5	1119.000
25	1119.000
27	1119.000
42	1119.000
7	1120.000
10	1120.000
12	1120.000
27	1120.000
34	1120.000
42	1120.000
8	1121.000
17	1121.000
35	1121.000
48	1121.000
13	1122.000
39	1122.000
46	1122.000
2	1123.000
21	1123.000
23	1123.000
38	1123.000
43	1123.000
13	1124.000
2	1126.000
3	1127.000
46	1127.000
33	1128.000
44	1128.000
1	1130.000
12	1131.000
25	1131.000
27	1131.000
28	1131.000
2	1132.000
10	1133.000
33	1133.000
15	1134.000
33	1134.000
41	1134.000
12	1135.000
28	1135.000
42	1135.000
37	1136.000
39	1136.000
40	1136.000
6	1137.000
25	1137.000
33	1137.000
41	1137.000
1	1139.000
12	1139.000
26	1139.000
4	1140.000
32	1140.000
39	1140.000
45	1140.000
46	1140.000
36	1141.000
39	1141.000
15	1142.000
23	1142.000
26	1142.000
40	1142.000
47	1142.000
50	1143.000
12	1144.000
3	1145.000
5	1145.000
9	1146.000
31	1146.000
49	1146.000
7	1147.000
50	1147.000
20	1148.000
21	1148.000
1	1159.000
24	1174.000
34	1174.000
34	1176.000
45	1179.000
17	1188.000
48	1192.000
43	1194.000
40	1201.000
18	1205.000
25	1205.000
4	1215.000
27	1216.000
25	1218.000
41	1220.000
13	1224.000
47	1224.000
1	1225.000
14	1229.000
21	1257.000
48	1259.000
3	1263.000
10	1269.000
43	1269.000
47	1272.000
50	1277.000
12	1280.000
3	1283.000
25	1285.000
3	1307.000
5	1311.000
39	1314.000
10	1322.000
22	1323.000
28	1328.000
13	1330.000
46	1334.000
30	1335.000
37	1335.000
5	1337.000
35	1346.000
19	1355.000
1	1360.000
16	1367.000
50	1378.000
7	1390.000
42	1394.000
43	1395.000
48	1399.000
13	1404.000
27	1405.000
44	1405.000
50	1411.000
2	1413.000
14	1424.000
35	1427.000
49	1438.000
3	1453.000
1	1455.000
39	1455.000
36	1458.000
49	1461.000
19	1468.000
36	1474.000
26	1486.000
40	1494.000
16	1499.000
